0,0.01,0.02,0.01,0,0,0,0,0,0,0,0,0,0,0,0,0,0,0,0,0,0,0.003914,0.001957,0,0,0,0,0.5,1,0,0.039216,0.011765,0.3,0.3,0.3,0,0,0,0,0,normal.
0,0.02,0.05,0.01,0.00001,0,0,0,0,0,0,0,0,0,0,0,0,0,0,0,0,0,0.003914,0.001957,0,0,0,0,0.5,1,0,0.682353,0.219608,0.32,0.03,0.32,0,0,0,0,0,normal.
0,0.03,0.07,0.01,0,0,0,0,0,0,0,0,0,0,0,0,0,0,0,0,0,0,0.003914,0.003914,0,0,0,0,1,0,0,1,0.011765,0.01,0.01,0.01,0,0,0,0,0,normal.
0,0.01,0.02,0.01,0.000001,0.000021,0,0,0,0,0,0,0,0,0,0,0,0,0,0,0,0,0.007828,0.017613,0,0,0,0,1,0,0.44,1,0.964706,0.96,0.01,0,0,0,0,0,0,normal.
0,0.02,0.08,0.01,0.000019,0,0,0,0,0,0,0,0,0,0,0,0,0,0,0,0,0,0.017613,0.001957,0,0,0,0,0.11,0.56,0,0.098039,0.003922,0.04,0.4,0.76,0,0,0,0,0,normal.
0,0.01,0.02,0.01,0.000001,0.000021,0,0,0,0,0,0,0,0,0,0,0,0,0,0,0,0,0.005871,0.009785,0,0,0,0,1,0,0.4,1,0.933333,0.93,0.01,0,0,0,0,0,0,normal.
0,0.01,0.02,0.01,0.000001,0.000009,0,0,0,0,0,0,0,0,0,0,0,0,0,0,0,0,0.003914,0.007828,0,0,0,0,1,0,0.5,1,0.92549,0.93,0.01,0.01,0,0,0,0,0,normal.
0,0.01,0.02,0.01,0.000001,0.000022,0,0,0,0,0,0,0,0,0,0,0,0,0,0,0,0,0.003914,0.007828,0,0,0,0,1,0,0.5,1,0.92549,0.93,0.01,0,0,0,0,0,0,normal.
0,0.01,0.02,0.01,0.000001,0.000022,0,0,0,0,0,0,0,0,0,0,0,0,0,0,0,0,0.005871,0.015656,0,0,0,0,1,0,0.25,1,0.92549,0.93,0.01,0,0,0,0,0,0,normal.
0,0.01,0.02,0.01,0.000001,0.000008,0,0,0,0,0,0,0,0,0,0,0,0,0,0,0,0,0.003914,0.007828,0,0,0,0,1,0,0.5,1,0.92549,0.93,0.01,0.01,0,0,0,0,0,normal.
0,0.02,0.09,0.01,0,0.000007,0,0,0,0,0,0,0,0,0,0,0,0,0,0,0,0,0.001957,0.001957,0,0,0,0,1,0,0,0.14902,0.003922,0.03,0.11,0.03,0,0,0,0.13,0,normal.
0,0.01,0.02,0.01,0.000001,0.000022,0,0,0,0,0,0,0,0,0,0,0,0,0,0,0,0,0.005871,0.009785,0,0,0,0,1,0,0.4,1,0.968627,0.97,0.01,0,0,0,0,0,0,normal.
0,0.01,0.02,0.01,0.000001,0.000022,0,0,0,0,0,0,0,0,0,0,0,0,0,0,0,0,0.005871,0.007828,0,0,0,0,0.67,0.67,0.5,1,0.976471,0.98,0.01,0.01,0,0,0,0,0,normal.
0,0.01,0.02,0.01,0.000001,0.000022,0,0,0,0,0,0,0,0,0,0,0,0,0,0,0,0,0.009785,0.015656,0,0,0,0,1,0,0.25,1,0.984314,0.98,0.01,0,0,0,0,0,0,normal.
0,0.02,0.05,0.01,0.000003,0,0,0,0,0,0,0,0,0,0,0,0,0,0,0,0,0,0.003914,0.003914,0,0,0,0,1,0,0,0.270588,0.278431,0.33,0.26,0.52,0.03,0.01,0.01,0,0,normal.
0,0.01,0.02,0.01,0.000001,0.000022,0,0,0,0,0,0,0,0,0,0,0,0,0,0,0,0,0.001957,0.003914,0,0,0,0,1,0,1,1,0.984314,0.98,0.01,0.01,0,0,0,0,0,normal.
0,0.01,0.02,0.01,0.000001,0.000022,0,0,0,0,0,0,0,0,0,0,0,0,0,0,0,0,0.001957,0.003914,0,0,0,0,1,0,1,1,0.984314,0.98,0.01,0,0,0,0,0,0,normal.
0,0.01,0.02,0.01,0.000001,0.000021,0,0,0,0,0,0,0,0,0,0,0,0,0,0,0,0,0.001957,0.003914,0,0,0,0,1,0,1,1,0.984314,0.98,0.01,0.01,0,0,0,0,0,normal.
0.10661,0.02,0.11,0.02,0.000014,0.001304,0,0,0,0,0,0,0,0,0,0,0,0,0,0,0,0,0.001957,0.001957,0,0,1,1,1,0,0,0.047059,0.015686,0.33,0.17,0.08,0,0,0,0.33,1,normal.
0,0.01,0.02,0.01,0.000001,0.000022,0,0,0,0,0,0,0,0,0,0,0,0,0,0,0,0,0.001957,0.005871,0,0,0,0,1,0,0.67,1,0.984314,0.98,0.01,0,0,0,0,0,0,normal.
0,0.02,0.12,0.03,0.004553,0.0737,0,0,0,0,0,0,0,0,0,0,0,0,0,0,0,0,0.001957,0.001957,1,1,0,0,1,0,0,0.207843,0.003922,0.02,0.11,0.02,0,0.02,1,0.09,0,normal.
0,0.01,0.02,0.01,0.000001,0.000021,0,0,0,0,0,0,0,0,0,0,0,0,0,0,0,0,0.001957,0.005871,0,0,0,0,1,0,0.67,1,0.984314,0.98,0.01,0.01,0,0,0,0,0,normal.
0,0.01,0.02,0.01,0.000001,0.000022,0,0,0,0,0,0,0,0,0,0,0,0,0,0,0,0,0.001957,0.003914,0,0,0,0,1,0,1,1,0.984314,0.98,0.01,0,0,0,0,0,0,normal.
0,0.01,0.02,0.01,0,0,0,0,0,0,0,0,0,0,0,0,0,0,0,0,0,0,0.003914,0.001957,0,0,0,0,0.5,1,0,0.152941,0.027451,0.18,0.08,0.18,0,0,0,0.08,0,normal.
0,0.02,0.13,0.01,0,0.000005,0,0,0,0,0,0,0,0,0,0,0,0,0,0,0,0,0.001957,0.001957,0,0,0,0,1,0,0,0.219608,0.031373,0.14,0.11,0.02,0,0.02,0,0.09,0,normal.
0,0.01,0.02,0.01,0.000001,0.000021,0,0,0,0,0,0,0,0,0,0,0,0,0,0,0,0,0.001957,0.003914,0,0,0,0,1,0,1,1,0.976471,0.98,0.02,0,0,0,0,0,0,normal.
0,0.01,0.02,0.01,0.000001,0.000022,0,0,0,0,0,0,0,0,0,0,0,0,0,0,0,0,0.001957,0.003914,0,0,0,0,1,0,1,1,0.972549,0.97,0.02,0,0,0,0,0,0,normal.
0,0.01,0.02,0.01,0.000001,0.000022,0,0,0,0,0,0,0,0,0,0,0,0,0,0,0,0,0.005871,0.015656,0,0,0,0,1,0,0.25,1,0.882353,0.88,0.02,0,0,0,0,0,0,normal.
0,0.01,0.02,0.01,0.000001,0.000022,0,0,0,0,0,0,0,0,0,0,0,0,0,0,0,0,0.001957,0.005871,0,0,0,0,1,0,0.67,1,0.882353,0.88,0.02,0,0,0,0,0,0,normal.
0,0.01,0.02,0.01,0.000001,0.000022,0,0,0,0,0,0,0,0,0,0,0,0,0,0,0,0,0.003914,0.007828,0,0,0,0,1,0,0.5,1,0.882353,0.88,0.02,0,0,0,0,0,0,normal.
0,0.01,0.02,0.01,0.000001,0.000019,0,0,0,0,0,0,0,0,0,0,0,0,0,0,0,0,0.003914,0.003914,0,0,0,0,1,0,0,1,0.878431,0.88,0.02,0.02,0,0,0,0,0,normal.
0,0.02,0.05,0.01,0.000004,0,0,0,0,0,0,0,0,0,0,0,0,0,0,0,0,0,0.003914,0.003914,0,0,0,0,1,0,0,0.345098,0.062745,0.14,0.06,0.14,0.12,0,0,0.03,0,normal.
0,0.01,0.02,0.01,0.000001,0.000022,0,0,0,0,0,0,0,0,0,0,0,0,0,0,0,0,0.001957,0.003914,0,0,0,0,1,0,1,1,0.992157,0.99,0.01,0,0,0,0,0,0,normal.
0,0.01,0.02,0.01,0.000001,0.000021,0,0,0,0,0,0,0,0,0,0,0,0,0,0,0,0,0.003914,0.003914,0,0,0,0,0.5,1,1,1,0.992157,0.99,0.01,0.01,0,0,0,0,0,normal.
0,0.01,0.02,0.01,0.000001,0.000008,0,0,0,0,0,0,0,0,0,0,0,0,0,0,0,0,0.003914,0.005871,0,0,0,0,1,0,0.67,1,0.992157,0.99,0.01,0.01,0,0,0,0,0,normal.
0,0.01,0.02,0.01,0.000001,0.000022,0,0,0,0,0,0,0,0,0,0,0,0,0,0,0,0,0.005871,0.013699,0,0,0,0,1,0,0.57,1,0.988235,0.99,0.01,0,0,0,0,0,0,normal.
0,0.01,0.02,0.01,0.000001,0.000022,0,0,0,0,0,0,0,0,0,0,0,0,0,0,0,0,0.005871,0.011742,0,0,0,0,1,0,0.33,1,0.984314,0.98,0.01,0.01,0,0,0,0,0,normal.
0,0.01,0.02,0.01,0.000001,0.000021,0,0,0,0,0,0,0,0,0,0,0,0,0,0,0,0,0.015656,0.02544,0,0,0,0,1,0,0.15,1,0.984314,0.98,0.01,0,0,0,0,0,0,normal.
0,0.01,0.02,0.01,0.000001,0.000022,0,0,0,0,0,0,0,0,0,0,0,0,0,0,0,0,0.003914,0.007828,0,0,0,0,1,0,0.5,1,0.980392,0.98,0.01,0,0,0,0,0,0,normal.
0,0.01,0.02,0.01,0.000001,0.000021,0,0,0,0,0,0,0,0,0,0,0,0,0,0,0,0,0.001957,0.003914,0,0,0,0,1,0,1,1,0.984314,0.98,0.01,0,0,0,0,0,0,normal.
0,0.01,0.02,0.01,0.000001,0.000021,0,0,0,0,0,0,0,0,0,0,0,0,0,0,0,0,0.001957,0.003914,0,0,0,0,1,0,1,1,0.988235,0.99,0.01,0,0,0,0,0,0,normal.
0,0.02,0.09,0.04,0,0,0,0,0,0,0,0,0,0,0,0,0,0,0,0,0,0,0.001957,0.001957,0,0,1,1,1,0,0,1,0.003922,0,1,0,0,0,0,0.99,1,normal.
0,0.01,0.02,0.01,0.000001,0.000008,0,0,0,0,0,0,0,0,0,0,0,0,0,0,0,0,0.003914,0.005871,0,0,0,0,1,0,0.67,1,0.988235,0.99,0.01,0.01,0,0,0,0,0,normal.
0,0.02,0.05,0.01,0.000246,0,0,0,0,0,0,0,0,0,0,0,0,0,0,0,0,0,0.001957,0.001957,0,0,0,0,1,0,0,0.831373,0.211765,0.24,0.03,0.24,0.04,0,0,0.01,0,normal.
0,0.01,0.02,0.01,0.000001,0.000008,0,0,0,0,0,0,0,0,0,0,0,0,0,0,0,0,0.009785,0.009785,0,0,0,0,1,0,0,0.129412,0.905882,0.55,0.06,0.55,0.01,0.03,0,0.36,0,normal.
0,0.01,0.02,0.01,0.000001,0.000008,0,0,0,0,0,0,0,0,0,0,0,0,0,0,0,0,0.011742,0.037182,0,0,0,0,1,0,0.11,1,0.984314,0.98,0.01,0,0,0,0,0,0,normal.
0,0.01,0.02,0.01,0.000001,0.000008,0,0,0,0,0,0,0,0,0,0,0,0,0,0,0,0,0.021526,0.041096,0,0,0,0,1,0,0.1,1,0.984314,0.98,0.01,0.01,0,0,0,0,0,normal.
0,0.01,0.02,0.01,0.000001,0.000008,0,0,0,0,0,0,0,0,0,0,0,0,0,0,0,0,0.011742,0.027397,0,0,0,0,1,0,0.14,1,0.984314,0.98,0.01,0,0,0,0,0,0,normal.
0,0.01,0.02,0.01,0.000001,0.000008,0,0,0,0,0,0,0,0,0,0,0,0,0,0,0,0,0.013699,0.02544,0,0,0,0,0.86,0.29,0.15,1,0.980392,0.98,0.01,0,0,0,0,0,0,normal.
0,0.01,0.02,0.01,0.000001,0.000008,0,0,0,0,0,0,0,0,0,0,0,0,0,0,0,0,0.013699,0.029354,0,0,0,0,1,0,0.2,1,0.980392,0.98,0.01,0,0,0,0,0,0,normal.
0,0.01,0.02,0.01,0.000001,0.000008,0,0,0,0,0,0,0,0,0,0,0,0,0,0,0,0,0.013699,0.031311,0,0,0,0,1,0,0.19,1,0.980392,0.98,0.01,0,0,0,0,0,0,normal.
0,0.01,0.02,0.01,0.000001,0.000008,0,0,0,0,0,0,0,0,0,0,0,0,0,0,0,0,0.023483,0.037182,0,0,0,0,1,0,0.16,1,0.980392,0.98,0.01,0,0,0,0,0,0,normal.
0,0.01,0.02,0.01,0.000001,0.000008,0,0,0,0,0,0,0,0,0,0,0,0,0,0,0,0,0.023483,0.050881,0,0,0,0,1,0,0.12,1,0.980392,0.98,0.01,0.01,0,0,0,0,0,normal.
0,0.02,0.05,0.01,0.000001,0,0,0,0,0,0,0,0,0,0,0,0,0,0,0,0,0,0.001957,0.001957,0,0,0,0,1,0,0,1,0.023529,0.02,0.92,0.02,0,0,0,0.92,0,normal.
0,0.01,0.02,0.01,0.000001,0.000007,0,0,0,0,0,0,0,0,0,0,0,0,0,0,0,0,0.015656,0.04501,0,0,0,0,1,0,0.13,1,0.988235,0.99,0.01,0,0,0,0,0,0,normal.
0,0.01,0.02,0.01,0.000001,0.000008,0,0,0,0,0,0,0,0,0,0,0,0,0,0,0,0,0.023483,0.056751,0,0,0,0,1,0,0.1,1,0.980392,0.98,0.01,0,0,0,0,0,0,normal.
0,0.01,0.02,0.01,0.000001,0.000009,0,0,0,0,0,0,0,0,0,0,0,0,0,0,0,0,0.003914,0.005871,0,0,0,0,1,0,0.67,1,0.984314,0.98,0.01,0.01,0,0,0,0,0,normal.
0,0.01,0.02,0.01,0.000001,0.000008,0,0,0,0,0,0,0,0,0,0,0,0,0,0,0,0,0.021526,0.041096,0,0,0,0,1,0,0.14,1,0.980392,0.98,0.01,0.01,0,0,0,0,0,normal.
0,0.01,0.02,0.01,0.000001,0.000008,0,0,0,0,0,0,0,0,0,0,0,0,0,0,0,0,0.013699,0.02544,0,0,0,0,1,0,0.15,1,0.980392,0.98,0.01,0,0,0,0,0,0,normal.
0,0.01,0.02,0.01,0.000001,0.000008,0,0,0,0,0,0,0,0,0,0,0,0,0,0,0,0,0.011742,0.023483,0,0,0,0,1,0,0.25,1,0.980392,0.98,0.01,0,0,0,0,0,0,normal.
0,0.01,0.02,0.01,0.000001,0.000008,0,0,0,0,0,0,0,0,0,0,0,0,0,0,0,0,0.017613,0.037182,0,0,0,0,1,0,0.16,1,0.980392,0.98,0.01,0.01,0,0,0,0,0,normal.
0,0.01,0.02,0.01,0.000001,0.000008,0,0,0,0,0,0,0,0,0,0,0,0,0,0,0,0,0.027397,0.039139,0,0,0,0,0.86,0.21,0.15,1,0.976471,0.98,0.01,0.01,0,0,0,0,0,normal.
0,0.01,0.02,0.01,0.000001,0.000007,0,0,0,0,0,0,0,0,0,0,0,0,0,0,0,0,0.015656,0.04501,0,0,0,0,1,0,0.09,1,0.984314,0.98,0.01,0.01,0,0,0,0,0,normal.
0,0.01,0.02,0.01,0.000001,0.000008,0,0,0,0,0,0,0,0,0,0,0,0,0,0,0,0,0.027397,0.068493,0,0,0,0,1,0,0.09,1,0.972549,0.97,0.01,0.01,0,0,0,0,0,normal.
0,0.01,0.02,0.01,0.000001,0.000008,0,0,0,0,0,0,0,0,0,0,0,0,0,0,0,0,0.017613,0.029354,0,0,0,0,1,0,0.13,1,0.972549,0.97,0.01,0.01,0,0,0,0,0,normal.
0,0.01,0.02,0.01,0.000001,0.000019,0,0,0,0,0,0,0,0,0,0,0,0,0,0,0,0,0.003914,0.003914,0,0,0,0,1,0,0,1,0.980392,0.98,0.01,0.01,0,0,0,0,0,normal.
0,0.01,0.02,0.01,0.000001,0.000007,0,0,0,0,0,0,0,0,0,0,0,0,0,0,0,0,0.009785,0.013699,0,0,0,0,1,0,0.29,1,0.980392,0.98,0.01,0.01,0,0,0,0,0,normal.
0,0.01,0.02,0.01,0.000001,0.000007,0,0,0,0,0,0,0,0,0,0,0,0,0,0,0,0,0.013699,0.031311,0,0,0,0,0.86,0.29,0.12,1,0.984314,0.98,0.01,0,0,0,0,0,0,normal.
0,0.01,0.02,0.01,0.000001,0.000008,0,0,0,0,0,0,0,0,0,0,0,0,0,0,0,0,0.007828,0.015656,0,0,0,0,1,0,0.25,1,0.980392,0.98,0.01,0.02,0,0,0,0,0,normal.
0,0.01,0.02,0.01,0.000001,0.000008,0,0,0,0,0,0,0,0,0,0,0,0,0,0,0,0,0.005871,0.005871,0,0,0,0,0.67,0.67,0.67,1,0.980392,0.98,0.01,0.01,0,0,0,0,0,normal.
0,0.01,0.02,0.01,0.000001,0.000009,0,0,0,0,0,0,0,0,0,0,0,0,0,0,0,0,0.009785,0.017613,0,0,0,0,1,0,0.22,1,0.988235,0.99,0.01,0.01,0,0,0,0,0,normal.
0,0.02,0.05,0.01,0.000122,0,0,0,0,0,0,0,0,0,0,0,0,0,0,0,0,0,0.003914,0.005871,0,0,0,0,1,0,0.67,0.792157,0.215686,0.27,0.02,0.27,0,0,0,0,0,normal.
0,0.01,0.02,0.01,0.000001,0.000022,0,0,0,0,0,0,0,0,0,0,0,0,0,0,0,0,0.007828,0.013699,0,0,0,0,1,0,0.29,1,0.980392,0.98,0.01,0,0,0,0,0,0,normal.
0,0.01,0.02,0.01,0.000001,0.000008,0,0,0,0,0,0,0,0,0,0,0,0,0,0,0,0,0.013699,0.021526,0,0,0,0,1,0,0.18,1,0.976471,0.98,0.01,0,0,0,0,0,0,normal.
0,0.01,0.02,0.01,0.000001,0.000022,0,0,0,0,0,0,0,0,0,0,0,0,0,0,0,0,0.003914,0.007828,0,0,0,0,1,0,0.5,1,0.980392,0.98,0.01,0,0,0,0,0,0,normal.
0,0.01,0.02,0.01,0.000001,0.000022,0,0,0,0,0,0,0,0,0,0,0,0,0,0,0,0,0.007828,0.009785,0,0,0,0,0.75,0.5,0.4,1,0.976471,0.98,0.01,0.01,0,0,0,0,0,normal.
0,0.01,0.02,0.01,0.000001,0.000008,0,0,0,0,0,0,0,0,0,0,0,0,0,0,0,0,0.003914,0.007828,0,0,0,0,1,0,0.5,1,0.972549,0.97,0.01,0,0,0,0,0,0,normal.
0,0.01,0.02,0.01,0.000001,0.000022,0,0,0,0,0,0,0,0,0,0,0,0,0,0,0,0,0.003914,0.005871,0,0,0,0,1,0,0.67,1,0.976471,0.98,0.01,0,0,0,0,0,0,normal.
0,0.01,0.02,0.01,0.000001,0.000022,0,0,0,0,0,0,0,0,0,0,0,0,0,0,0,0,0.001957,0.003914,0,0,0,0,1,0,1,1,0.976471,0.98,0.01,0,0,0,0,0,0,normal.
0,0.01,0.02,0.01,0.000001,0.000008,0,0,0,0,0,0,0,0,0,0,0,0,0,0,0,0,0.021526,0.033268,0,0,0,0,1,0,0.12,1,0.968627,0.97,0.01,0.01,0,0,0,0,0,normal.
0,0.01,0.02,0.01,0.000001,0.000022,0,0,0,0,0,0,0,0,0,0,0,0,0,0,0,0,0.001957,0.003914,0,0,0,0,1,0,1,1,0.972549,0.97,0.01,0,0,0,0,0,0,normal.
0,0.01,0.02,0.01,0.000001,0.000008,0,0,0,0,0,0,0,0,0,0,0,0,0,0,0,0,0.021526,0.031311,0,0,0,0,1,0,0.12,1,0.968627,0.97,0.01,0,0,0,0,0,0,normal.
0,0.03,0.07,0.01,0,0,0,0,0,0,0,0,0,0,0,0,0,0,0,0,0,0,0.005871,0.001957,0,0,0,0,0.33,0.67,0,1,0.007843,0.01,0.01,0.01,0,0,0,0,0,normal.
0,0.02,0.09,0.01,0,0.000007,0,0,0,0,0,0,0,0,0,0,0,0,0,0,0,0,0.001957,0.001957,0,0,0,0,1,0,0,0.909804,0.027451,0.03,0.03,0,0.29,0,0,0.01,0,normal.
0,0.03,0.1,0.01,0.000016,0,0,0,0,0,0,0,0,0,0,0,0,0,0,0,0,0,0.998043,0.998043,0,0,0,0,1,0,0,1,1,1,0,1,0,0,0,0,0,smurf.
0,0.03,0.1,0.01,0.000016,0,0,0,0,0,0,0,0,0,0,0,0,0,0,0,0,0,1,1,0,0,0,0,1,0,0,1,1,1,0,1,0,0,0,0,0,smurf.
0,0.03,0.1,0.01,0.000016,0,0,0,0,0,0,0,0,0,0,0,0,0,0,0,0,0,0.994129,0.994129,0,0,0,0,1,0,0,1,1,1,0,1,0,0,0,0,0,smurf.
0,0.03,0.1,0.01,0.000016,0,0,0,0,0,0,0,0,0,0,0,0,0,0,0,0,0,0.996086,0.996086,0,0,0,0,1,0,0,1,1,1,0,1,0,0,0,0,0,smurf.
0,0.03,0.1,0.01,0.000016,0,0,0,0,0,0,0,0,0,0,0,0,0,0,0,0,0,0.986301,0.986301,0,0,0,0,1,0,0,1,1,1,0,1,0,0,0,0,0,smurf.
0,0.03,0.1,0.01,0.000016,0,0,0,0,0,0,0,0,0,0,0,0,0,0,0,0,0,0.966732,0.966732,0,0,0,0,1,0,0,1,1,1,0,1,0,0,0,0,0,smurf.
0,0.03,0.1,0.01,0.000016,0,0,0,0,0,0,0,0,0,0,0,0,0,0,0,0,0,0.023483,0.023483,0,0,0,0,1,0,0,1,1,1,0,1,0,0,0,0,0,smurf.
0,0.03,0.1,0.01,0.000016,0,0,0,0,0,0,0,0,0,0,0,0,0,0,0,0,0,0.78865,0.78865,0,0,0,0,1,0,0,1,1,1,0,1,0,0,0,0,0,smurf.
0,0.03,0.1,0.01,0.000016,0,0,0,0,0,0,0,0,0,0,0,0,0,0,0,0,0,0.792564,0.792564,0,0,0,0,1,0,0,1,1,1,0,1,0,0,0,0,0,smurf.
0,0.03,0.1,0.01,0.000016,0,0,0,0,0,0,0,0,0,0,0,0,0,0,0,0,0,0.043053,0.043053,0,0,0,0,1,0,0,1,1,1,0,1,0,0,0,0,0,smurf.
0,0.03,0.1,0.01,0.000016,0,0,0,0,0,0,0,0,0,0,0,0,0,0,0,0,0,0.800391,0.800391,0,0,0,0,1,0,0,1,1,1,0,1,0,0,0,0,0,smurf.
0,0.03,0.1,0.01,0.000016,0,0,0,0,0,0,0,0,0,0,0,0,0,0,0,0,0,0.058708,0.058708,0,0,0,0,1,0,0,1,1,1,0,1,0,0,0,0,0,smurf.
0,0.03,0.1,0.01,0.000016,0,0,0,0,0,0,0,0,0,0,0,0,0,0,0,0,0,0.990215,0.990215,0,0,0,0,1,0,0,1,1,1,0,1,0,0,0,0,0,smurf.
0,0.03,0.1,0.01,0.000016,0,0,0,0,0,0,0,0,0,0,0,0,0,0,0,0,0,0.072407,0.072407,0,0,0,0,1,0,0,1,1,1,0,1,0,0,0,0,0,smurf.
0,0.03,0.1,0.01,0.000016,0,0,0,0,0,0,0,0,0,0,0,0,0,0,0,0,0,0.084149,0.084149,0,0,0,0,1,0,0,1,1,1,0,1,0,0,0,0,0,smurf.
0,0.03,0.1,0.01,0.000016,0,0,0,0,0,0,0,0,0,0,0,0,0,0,0,0,0,0.111546,0.111546,0,0,0,0,1,0,0,1,1,1,0,1,0,0,0,0,0,smurf.
0,0.03,0.1,0.01,0.000016,0,0,0,0,0,0,0,0,0,0,0,0,0,0,0,0,0,0.829746,0.829746,0,0,0,0,1,0,0,1,1,1,0,1,0,0,0,0,0,smurf.
0,0.03,0.1,0.01,0.000016,0,0,0,0,0,0,0,0,0,0,0,0,0,0,0,0,0,0.131115,0.131115,0,0,0,0,1,0,0,1,1,1,0,1,0,0,0,0,0,smurf.
0,0.03,0.1,0.01,0.000016,0,0,0,0,0,0,0,0,0,0,0,0,0,0,0,0,0,0.876712,0.876712,0,0,0,0,1,0,0,1,1,1,0,1,0,0,0,0,0,smurf.
0,0.03,0.1,0.01,0.000016,0,0,0,0,0,0,0,0,0,0,0,0,0,0,0,0,0,0.213307,0.213307,0,0,0,0,1,0,0,1,1,1,0,1,0,0,0,0,0,smurf.
0,0.03,0.1,0.01,0.000016,0,0,0,0,0,0,0,0,0,0,0,0,0,0,0,0,0,0.219178,0.219178,0,0,0,0,1,0,0,1,1,1,0,1,0,0,0,0,0,smurf.
0,0.03,0.1,0.01,0.000016,0,0,0,0,0,0,0,0,0,0,0,0,0,0,0,0,0,0.227006,0.227006,0,0,0,0,1,0,0,1,1,1,0,1,0,0,0,0,0,smurf.
0,0.03,0.1,0.01,0.000016,0,0,0,0,0,0,0,0,0,0,0,0,0,0,0,0,0,0.886497,0.886497,0,0,0,0,1,0,0,1,1,1,0,1,0,0,0,0,0,smurf.
0,0.03,0.1,0.01,0.000016,0,0,0,0,0,0,0,0,0,0,0,0,0,0,0,0,0,0.238748,0.238748,0,0,0,0,1,0,0,1,1,1,0,1,0,0,0,0,0,smurf.
0,0.03,0.1,0.01,0.000016,0,0,0,0,0,0,0,0,0,0,0,0,0,0,0,0,0,0.892368,0.892368,0,0,0,0,1,0,0,1,1,1,0,1,0,0,0,0,0,smurf.
0,0.03,0.1,0.01,0.000016,0,0,0,0,0,0,0,0,0,0,0,0,0,0,0,0,0,0.268102,0.268102,0,0,0,0,1,0,0,1,1,1,0,1,0,0,0,0,0,smurf.
0,0.03,0.1,0.01,0.000016,0,0,0,0,0,0,0,0,0,0,0,0,0,0,0,0,0,0.906067,0.906067,0,0,0,0,1,0,0,1,1,1,0,1,0,0,0,0,0,smurf.
0,0.03,0.1,0.01,0.000016,0,0,0,0,0,0,0,0,0,0,0,0,0,0,0,0,0,0.379648,0.379648,0,0,0,0,1,0,0,1,1,1,0,1,0,0,0,0,0,smurf.
0,0.03,0.1,0.01,0.000016,0,0,0,0,0,0,0,0,0,0,0,0,0,0,0,0,0,0.976517,0.976517,0,0,0,0,1,0,0,1,1,1,0,1,0,0,0,0,0,smurf.
0,0.03,0.1,0.01,0.000016,0,0,0,0,0,0,0,0,0,0,0,0,0,0,0,0,0,0.405088,0.405088,0,0,0,0,1,0,0,1,1,1,0,1,0,0,0,0,0,smurf.
0,0.03,0.1,0.01,0.000016,0,0,0,0,0,0,0,0,0,0,0,0,0,0,0,0,0,0.420744,0.420744,0,0,0,0,1,0,0,1,1,1,0,1,0,0,0,0,0,smurf.
0,0.03,0.1,0.01,0.000016,0,0,0,0,0,0,0,0,0,0,0,0,0,0,0,0,0,0.428571,0.428571,0,0,0,0,1,0,0,1,1,1,0,1,0,0,0,0,0,smurf.
0,0.03,0.1,0.01,0.000016,0,0,0,0,0,0,0,0,0,0,0,0,0,0,0,0,0,0.446184,0.446184,0,0,0,0,1,0,0,1,1,1,0,1,0,0,0,0,0,smurf.
0,0.03,0.1,0.01,0.000016,0,0,0,0,0,0,0,0,0,0,0,0,0,0,0,0,0,0.450098,0.450098,0,0,0,0,1,0,0,1,1,1,0,1,0,0,0,0,0,smurf.
0,0.03,0.1,0.01,0.000016,0,0,0,0,0,0,0,0,0,0,0,0,0,0,0,0,0,0.452055,0.452055,0,0,0,0,1,0,0,1,1,1,0,1,0,0,0,0,0,smurf.
0,0.03,0.1,0.01,0.000016,0,0,0,0,0,0,0,0,0,0,0,0,0,0,0,0,0,0.454012,0.454012,0,0,0,0,1,0,0,1,1,1,0,1,0,0,0,0,0,smurf.
0,0.03,0.1,0.01,0.000016,0,0,0,0,0,0,0,0,0,0,0,0,0,0,0,0,0,0.46184,0.46184,0,0,0,0,1,0,0,1,1,1,0,1,0,0,0,0,0,smurf.
0,0.03,0.1,0.01,0.000016,0,0,0,0,0,0,0,0,0,0,0,0,0,0,0,0,0,0.477495,0.477495,0,0,0,0,1,0,0,1,1,1,0,1,0,0,0,0,0,smurf.
0,0.03,0.1,0.01,0.000016,0,0,0,0,0,0,0,0,0,0,0,0,0,0,0,0,0,0.530333,0.530333,0,0,0,0,1,0,0,1,1,1,0,1,0,0,0,0,0,smurf.
0,0.03,0.1,0.01,0.000016,0,0,0,0,0,0,0,0,0,0,0,0,0,0,0,0,0,0.589041,0.589041,0,0,0,0,1,0,0,1,1,1,0,1,0,0,0,0,0,smurf.
0,0.03,0.1,0.01,0.000016,0,0,0,0,0,0,0,0,0,0,0,0,0,0,0,0,0,0.620352,0.620352,0,0,0,0,1,0,0,1,1,1,0,1,0,0,0,0,0,smurf.
0,0.03,0.1,0.01,0.000016,0,0,0,0,0,0,0,0,0,0,0,0,0,0,0,0,0,0.634051,0.634051,0,0,0,0,1,0,0,1,1,1,0,1,0,0,0,0,0,smurf.
0,0.03,0.1,0.01,0.000016,0,0,0,0,0,0,0,0,0,0,0,0,0,0,0,0,0,0.65362,0.65362,0,0,0,0,1,0,0,1,1,1,0,1,0,0,0,0,0,smurf.
0,0.03,0.1,0.01,0.000016,0,0,0,0,0,0,0,0,0,0,0,0,0,0,0,0,0,0.704501,0.704501,0,0,0,0,1,0,0,1,1,1,0,1,0,0,0,0,0,smurf.
0,0.03,0.1,0.01,0.000016,0,0,0,0,0,0,0,0,0,0,0,0,0,0,0,0,0,0.716243,0.716243,0,0,0,0,1,0,0,1,1,1,0,1,0,0,0,0,0,smurf.
0,0.03,0.1,0.01,0.000016,0,0,0,0,0,0,0,0,0,0,0,0,0,0,0,0,0,0.733855,0.733855,0,0,0,0,1,0,0,1,1,1,0,1,0,0,0,0,0,smurf.
0,0.03,0.1,0.01,0.000016,0,0,0,0,0,0,0,0,0,0,0,0,0,0,0,0,0,0.739726,0.739726,0,0,0,0,1,0,0,1,1,1,0,1,0,0,0,0,0,smurf.
0,0.03,0.1,0.01,0.000016,0,0,0,0,0,0,0,0,0,0,0,0,0,0,0,0,0,0.765166,0.765166,0,0,0,0,1,0,0,1,1,1,0,1,0,0,0,0,0,smurf.
0,0.03,0.1,0.01,0.000016,0,0,0,0,0,0,0,0,0,0,0,0,0,0,0,0,0,0.772994,0.772994,0,0,0,0,1,0,0,1,1,1,0,1,0,0,0,0,0,smurf.
0,0.03,0.1,0.01,0.000016,0,0,0,0,0,0,0,0,0,0,0,0,0,0,0,0,0,0.992172,0.992172,0,0,0,0,1,0,0,1,1,1,0,1,0,0,0,0,0,smurf.
0,0.03,0.1,0.01,0.000016,0,0,0,0,0,0,0,0,0,0,0,0,0,0,0,0,0,0.984344,0.984344,0,0,0,0,1,0,0,1,1,1,0,1,0,0,0,0,0,smurf.
0,0.01,0.02,0.01,0.000001,0.000021,0,0,0,0,0,0,0,0,0,0,0,0,0,0,0,0,0.001957,0.001957,0,0,0,0,1,0,0,0.160784,0.090196,0.56,0.05,0.02,0,0,0,0,0,normal.
0,0.01,0.02,0.01,0.000001,0.000022,0,0,0,0,0,0,0,0,0,0,0,0,0,0,0,0,0.001957,0.001957,0,0,0,0,1,0,0,0.168627,0.094118,0.56,0.05,0.02,0,0,0,0,0,normal.
0,0.01,0.01,0.01,0.000002,0,0,0,0,0,0,0,0,0,0,0,0,0,0,0,0,0,0.001957,0.001957,0,0,0,0,1,0,0,1,0.996078,1,0.01,0,0,0,0,0,0,normal.
0,0.01,0.02,0.01,0.000001,0.000008,0,0,0,0,0,0,0,0,0,0,0,0,0,0,0,0,0.003914,0.017613,0,0,0,0,1,0,0.33,0.278431,0.176471,0.63,0.04,0.03,0,0,0,0,0,normal.
0,0.01,0.02,0.01,0.000001,0.000021,0,0,0,0,0,0,0,0,0,0,0,0,0,0,0,0,0.003914,0.009785,0,0,0,0,1,0,0.4,1,0.988235,0.99,0.01,0,0,0,0,0,0,normal.
0,0.01,0.02,0.01,0.000001,0.000008,0,0,0,0,0,0,0,0,0,0,0,0,0,0,0,0,0.005871,0.017613,0,0,0,0,1,0,0.33,0.298039,0.184314,0.62,0.05,0.01,0,0,0,0,0,normal.
0,0.01,0.02,0.01,0.000001,0.000022,0,0,0,0,0,0,0,0,0,0,0,0,0,0,0,0,0.005871,0.011742,0,0,0,0,1,0,0.33,1,0.964706,0.96,0.01,0,0,0,0,0,0,normal.
0,0.01,0.02,0.01,0.000001,0.000008,0,0,0,0,0,0,0,0,0,0,0,0,0,0,0,0,0.005871,0.007828,0,0,0,0,1,0,0.5,1,0.960784,0.96,0.01,0.01,0,0,0,0,0,normal.
0,0.01,0.02,0.01,0.000001,0.000021,0,0,0,0,0,0,0,0,0,0,0,0,0,0,0,0,0.003914,0.007828,0,0,0,0,1,0,0.5,1,0.952941,0.95,0.01,0,0,0,0,0,0,normal.
0,0.01,0.02,0.01,0.000001,0.000008,0,0,0,0,0,0,0,0,0,0,0,0,0,0,0,0,0.021526,0.035225,0,0,0,0,1,0,0.17,0.4,0.247059,0.62,0.04,0.01,0,0,0,0,0,normal.
0,0.01,0.02,0.01,0.000001,0.000008,0,0,0,0,0,0,0,0,0,0,0,0,0,0,0,0,0.013699,0.021526,0,0,0,0,1,0,0.18,0.431373,0.266667,0.62,0.04,0.01,0,0,0,0,0,normal.
0,0.01,0.02,0.01,0.000001,0.000022,0,0,0,0,0,0,0,0,0,0,0,0,0,0,0,0,0.011742,0.031311,0,0,0,0,0.83,0.33,0.12,1,0.933333,0.93,0.01,0,0,0,0,0,0,normal.
0,0.01,0.02,0.01,0.000001,0.000008,0,0,0,0,0,0,0,0,0,0,0,0,0,0,0,0,0.009785,0.015656,0,0,0,0,1,0,0.25,1,0.933333,0.93,0.01,0.01,0,0,0,0,0,normal.
0,0.01,0.02,0.01,0.000001,0.000022,0,0,0,0,0,0,0,0,0,0,0,0,0,0,0,0,0.001957,0.003914,0,0,0,0,1,0,1,1,0.933333,0.93,0.01,0,0,0,0,0,0,normal.
0,0.01,0.02,0.01,0.000001,0.000008,0,0,0,0,0,0,0,0,0,0,0,0,0,0,0,0,0.017613,0.02544,0,0,0,0,1,0,0.15,0.521569,0.352941,0.68,0.03,0.02,0,0,0,0,0,normal.
0,0.01,0.02,0.01,0.000001,0.000022,0,0,0,0,0,0,0,0,0,0,0,0,0,0,0,0,0.009785,0.017613,0,0,0,0,1,0,0.22,1,0.929412,0.93,0.01,0,0,0,0,0,0,normal.
0,0.01,0.02,0.01,0.000001,0.000021,0,0,0,0,0,0,0,0,0,0,0,0,0,0,0,0,0.001957,0.003914,0,0,0,0,1,0,1,1,0.929412,0.93,0.01,0,0,0,0,0,0,normal.
0,0.02,0.09,0.01,0,0.000007,0,0,0,0,0,0,0,0,0,0,0,0,0,0,0,0,0.001957,0.001957,0,0,0,0,1,0,0,0.160784,0.019608,0.05,0.41,0.02,0.4,0.02,0,0,0,normal.
0,0.02,0.05,0.01,0.000008,0,0,0,0,0,0,0,0,0,0,0,0,0,0,0,0,0,0.003914,0.003914,0,0,0,0,1,0,0,0.015686,0.007843,0.5,0.5,0.5,0,0,0,0.5,0,named.
0,0.01,0.02,0.01,0.000001,0.000021,0,0,0,0,0,0,0,0,0,0,0,0,0,0,0,0,0.003914,0.009785,0,0,0,0,1,0,0.4,1,0.92549,0.93,0.01,0,0,0,0,0,0,normal.
0,0.02,0.08,0.01,0,0,0,0,0,0,0,0,0,0,0,0,0,0,0,0,0,0,0.001957,0.001957,0,0,0,0,1,0,0,0.019608,0.003922,0.2,0.6,0.2,0,0,0,0.4,0,named.
0,0.01,0.02,0.01,0.000001,0.000008,0,0,0,0,0,0,0,0,0,0,0,0,0,0,0,0,0.003914,0.005871,0,0,0,0,1,0,0.67,1,0.92549,0.93,0.01,0.01,0,0,0,0,0,normal.
0,0.02,0.08,0.01,0,0,0,0,0,0,0,0,0,0,0,0,0,0,0,0,0,0,0.001957,0.001957,0,0,0,0,1,0,0,0.023529,0.007843,0.33,0.5,0.17,0,0,0,0.33,0,named.
0,0.01,0.02,0.01,0.000001,0.000022,0,0,0,0,0,0,0,0,0,0,0,0,0,0,0,0,0.003914,0.003914,0,0,0,0,0.5,1,1,1,0.92549,0.93,0.01,0,0,0,0,0,0,normal.
0,0.01,0.02,0.01,0.000001,0.000022,0,0,0,0,0,0,0,0,0,0,0,0,0,0,0,0,0.007828,0.013699,0,0,0,0,1,0,0.29,1,0.92549,0.93,0.01,0,0,0,0,0,0,normal.
0,0.01,0.02,0.01,0.000001,0.000008,0,0,0,0,0,0,0,0,0,0,0,0,0,0,0,0,0.003914,0.005871,0,0,0,0,1,0,0.67,0.709804,0.537255,0.76,0.02,0.01,0,0,0,0,0,normal.
0,0.01,0.02,0.01,0.000001,0.000022,0,0,0,0,0,0,0,0,0,0,0,0,0,0,0,0,0.001957,0.003914,0,0,0,0,1,0,1,1,0.92549,0.93,0.01,0,0,0,0,0,0,normal.
0,0.01,0.02,0.01,0.000001,0.000008,0,0,0,0,0,0,0,0,0,0,0,0,0,0,0,0,0.007828,0.009785,0,0,0,0,0.75,0.5,0.4,1,0.92549,0.93,0.01,0.01,0,0,0,0,0,normal.
0,0.01,0.02,0.01,0.000001,0.000008,0,0,0,0,0,0,0,0,0,0,0,0,0,0,0,0,0.015656,0.027397,0,0,0,0,1,0,0.14,0.768627,0.596078,0.78,0.02,0.01,0,0,0,0,0,normal.
0,0.01,0.02,0.01,0.000001,0.000022,0,0,0,0,0,0,0,0,0,0,0,0,0,0,0,0,0.001957,0.003914,0,0,0,0,1,0,1,1,0.921569,0.92,0.01,0,0,0,0,0,0,normal.
0,0.01,0.02,0.01,0.000001,0.000022,0,0,0,0,0,0,0,0,0,0,0,0,0,0,0,0,0.007828,0.009785,0,0,0,0,0.75,0.5,0.4,1,0.921569,0.92,0.01,0.01,0,0,0,0,0,normal.
0,0.01,0.02,0.01,0.000001,0.000008,0,0,0,0,0,0,0,0,0,0,0,0,0,0,0,0,0.019569,0.035225,0,0,0,0,1,0,0.22,0.827451,0.654902,0.79,0.02,0,0,0,0,0,0,normal.
0,0.01,0.02,0.01,0.000001,0.000022,0,0,0,0,0,0,0,0,0,0,0,0,0,0,0,0,0.003914,0.011742,0,0,0,0,1,0,0.33,1,0.921569,0.92,0.01,0,0,0,0,0,0,normal.
0,0.01,0.02,0.01,0.000001,0.000008,0,0,0,0,0,0,0,0,0,0,0,0,0,0,0,0,0.021526,0.035225,0,0,0,0,1,0,0.17,0.878431,0.698039,0.79,0.02,0,0,0,0,0,0,normal.
0,0.01,0.02,0.01,0.000001,0.000008,0,0,0,0,0,0,0,0,0,0,0,0,0,0,0,0,0.023483,0.033268,0,0,0,0,1,0,0.12,0.909804,0.729412,0.8,0.02,0.01,0,0,0,0,0,normal.
0,0.01,0.02,0.01,0.000001,0.000022,0,0,0,0,0,0,0,0,0,0,0,0,0,0,0,0,0.003914,0.007828,0,0,0,0,1,0,0.5,1,0.921569,0.92,0.01,0,0,0,0,0,0,normal.
0,0.02,0.09,0.01,0,0.000007,0,0,0,0,0,0,0,0,0,0,0,0,0,0,0,0,0.001957,0.001957,0,0,0,0,1,0,0,0.219608,0.019608,0.05,0.3,0.02,0.4,0.02,0,0,0,normal.
0,0.01,0.02,0.01,0.000001,0.000008,0,0,0,0,0,0,0,0,0,0,0,0,0,0,0,0,0.031311,0.041096,0,0,0,0,1,0,0.1,0.929412,0.74902,0.81,0.02,0,0,0,0,0,0,normal.
0,0.01,0.02,0.01,0.000001,0.000008,0,0,0,0,0,0,0,0,0,0,0,0,0,0,0,0,0.013699,0.02544,0,0,0,0,1,0,0.23,0.94902,0.768627,0.81,0.02,0,0,0,0,0,0,normal.
0,0.01,0.02,0.01,0.000001,0.000022,0,0,0,0,0,0,0,0,0,0,0,0,0,0,0,0,0.003914,0.007828,0,0,0,0,1,0,0.5,1,0.921569,0.92,0.01,0.01,0,0,0,0,0,normal.
0,0.01,0.02,0.01,0.000001,0.000008,0,0,0,0,0,0,0,0,0,0,0,0,0,0,0,0,0.023483,0.035225,0,0,0,0,1,0,0.11,0.996078,0.815686,0.82,0.02,0,0,0,0,0,0,normal.
0,0.01,0.02,0.01,0.000001,0.000022,0,0,0,0,0,0,0,0,0,0,0,0,0,0,0,0,0.003914,0.003914,0,0,0,0,0.5,1,1,1,0.921569,0.92,0.01,0,0,0,0,0,0,normal.
0,0.01,0.02,0.01,0.000001,0.000008,0,0,0,0,0,0,0,0,0,0,0,0,0,0,0,0,0.003914,0.005871,0,0,0,0,1,0,0.67,1,0.823529,0.82,0.02,0.01,0,0,0,0,0,normal.
0,0.02,0.13,0.01,0,0.00004,0,0,0,0,0,0,0,0,0,0,0,0,0,0,0,0,0.001957,0.001957,0,0,0,0,1,0,0,1,0.003922,0,0.03,0,0,0,0,0.01,0,normal.
0,0.01,0.02,0.01,0.000001,0.000008,0,0,0,0,0,0,0,0,0,0,0,0,0,0,0,0,0.007828,0.013699,0,0,0,0,1,0,0.29,1,0.823529,0.82,0.02,0,0,0,0,0,0,normal.
0,0.01,0.02,0.01,0.000001,0.000022,0,0,0,0,0,0,0,0,0,0,0,0,0,0,0,0,0.007828,0.031311,0,0,0,0,1,0,0.19,1,0.941176,0.94,0.01,0,0,0,0,0,0,normal.
0,0.01,0.02,0.01,0.000001,0.000008,0,0,0,0,0,0,0,0,0,0,0,0,0,0,0,0,0.013699,0.021526,0,0,0,0,1,0,0.18,1,0.839216,0.84,0.02,0,0,0,0,0,0,normal.
0,0.01,0.02,0.01,0.000001,0.000022,0,0,0,0,0,0,0,0,0,0,0,0,0,0,0,0,0.003914,0.003914,0,0,0,0,0.5,1,1,1,0.952941,0.95,0.01,0,0,0,0,0,0,normal.
0,0.01,0.02,0.01,0.000001,0.000008,0,0,0,0,0,0,0,0,0,0,0,0,0,0,0,0,0.017613,0.02544,0,0,0,0,1,0,0.15,1,0.894118,0.89,0.02,0.01,0,0,0,0,0,normal.
0,0.03,0.1,0.01,0.000016,0,0,0,0,0,0,0,0,0,0,0,0,0,0,0,0,0,0.019569,0.019569,0,0,0,0,1,0,0,1,1,1,0,1,0,0,0,0,0,smurf.
0,0.03,0.1,0.01,0.000016,0,0,0,0,0,0,0,0,0,0,0,0,0,0,0,0,0,0.035225,0.035225,0,0,0,0,1,0,0,1,1,1,0,1,0,0,0,0,0,smurf.
0,0.03,0.1,0.01,0.000016,0,0,0,0,0,0,0,0,0,0,0,0,0,0,0,0,0,0.048924,0.048924,0,0,0,0,1,0,0,1,1,1,0,1,0,0,0,0,0,smurf.
0,0.03,0.1,0.01,0.000016,0,0,0,0,0,0,0,0,0,0,0,0,0,0,0,0,0,0.064579,0.064579,0,0,0,0,1,0,0,1,1,1,0,1,0,0,0,0,0,smurf.
0,0.03,0.1,0.01,0.000016,0,0,0,0,0,0,0,0,0,0,0,0,0,0,0,0,0,0.07045,0.07045,0,0,0,0,1,0,0,1,1,1,0,1,0,0,0,0,0,smurf.
0,0.03,0.1,0.01,0.000016,0,0,0,0,0,0,0,0,0,0,0,0,0,0,0,0,0,0.127202,0.127202,0,0,0,0,1,0,0,1,1,1,0,1,0,0,0,0,0,smurf.
0,0.03,0.1,0.01,0.000016,0,0,0,0,0,0,0,0,0,0,0,0,0,0,0,0,0,0.162427,0.162427,0,0,0,0,1,0,0,1,1,1,0,1,0,0,0,0,0,smurf.
0,0.03,0.1,0.01,0.000016,0,0,0,0,0,0,0,0,0,0,0,0,0,0,0,0,0,0.250489,0.250489,0,0,0,0,1,0,0,1,1,1,0,1,0,0,0,0,0,smurf.
0,0.03,0.1,0.01,0.000016,0,0,0,0,0,0,0,0,0,0,0,0,0,0,0,0,0,0.272016,0.272016,0,0,0,0,1,0,0,1,1,1,0,1,0,0,0,0,0,smurf.
0,0.03,0.1,0.01,0.000016,0,0,0,0,0,0,0,0,0,0,0,0,0,0,0,0,0,0.2818,0.2818,0,0,0,0,1,0,0,1,1,1,0,1,0,0,0,0,0,smurf.
0,0.03,0.1,0.01,0.000016,0,0,0,0,0,0,0,0,0,0,0,0,0,0,0,0,0,0.358121,0.358121,0,0,0,0,1,0,0,1,1,1,0,1,0,0,0,0,0,smurf.
0,0.03,0.1,0.01,0.000016,0,0,0,0,0,0,0,0,0,0,0,0,0,0,0,0,0,0.410959,0.410959,0,0,0,0,1,0,0,1,1,1,0,1,0,0,0,0,0,smurf.
0,0.03,0.1,0.01,0.000016,0,0,0,0,0,0,0,0,0,0,0,0,0,0,0,0,0,0.448141,0.448141,0,0,0,0,1,0,0,1,1,1,0,1,0,0,0,0,0,smurf.
0,0.03,0.1,0.01,0.000016,0,0,0,0,0,0,0,0,0,0,0,0,0,0,0,0,0,0.455969,0.455969,0,0,0,0,1,0,0,1,1,1,0,1,0,0,0,0,0,smurf.
0,0.03,0.1,0.01,0.000016,0,0,0,0,0,0,0,0,0,0,0,0,0,0,0,0,0,0.469667,0.469667,0,0,0,0,1,0,0,1,1,1,0,1,0,0,0,0,0,smurf.
0,0.03,0.1,0.01,0.000016,0,0,0,0,0,0,0,0,0,0,0,0,0,0,0,0,0,0.483366,0.483366,0,0,0,0,1,0,0,1,1,1,0,1,0,0,0,0,0,smurf.
0,0.03,0.1,0.01,0.000016,0,0,0,0,0,0,0,0,0,0,0,0,0,0,0,0,0,0.499022,0.499022,0,0,0,0,1,0,0,1,1,1,0,1,0,0,0,0,0,smurf.
0,0.03,0.1,0.01,0.000016,0,0,0,0,0,0,0,0,0,0,0,0,0,0,0,0,0,0.508806,0.508806,0,0,0,0,1,0,0,1,1,1,0,1,0,0,0,0,0,smurf.
0,0.03,0.1,0.01,0.000016,0,0,0,0,0,0,0,0,0,0,0,0,0,0,0,0,0,0.53816,0.53816,0,0,0,0,1,0,0,1,1,1,0,1,0,0,0,0,0,smurf.
0,0.03,0.1,0.01,0.000016,0,0,0,0,0,0,0,0,0,0,0,0,0,0,0,0,0,0.555773,0.555773,0,0,0,0,1,0,0,1,1,1,0,1,0,0,0,0,0,smurf.
0,0.03,0.1,0.01,0.000016,0,0,0,0,0,0,0,0,0,0,0,0,0,0,0,0,0,0.567515,0.567515,0,0,0,0,1,0,0,1,1,1,0,1,0,0,0,0,0,smurf.
0,0.03,0.1,0.01,0.000016,0,0,0,0,0,0,0,0,0,0,0,0,0,0,0,0,0,0.581213,0.581213,0,0,0,0,1,0,0,1,1,1,0,1,0,0,0,0,0,smurf.
0,0.03,0.1,0.01,0.000016,0,0,0,0,0,0,0,0,0,0,0,0,0,0,0,0,0,0.60274,0.60274,0,0,0,0,1,0,0,1,1,1,0,1,0,0,0,0,0,smurf.
0,0.03,0.1,0.01,0.000016,0,0,0,0,0,0,0,0,0,0,0,0,0,0,0,0,0,0.616438,0.616438,0,0,0,0,1,0,0,1,1,1,0,1,0,0,0,0,0,smurf.
0,0.03,0.1,0.01,0.000016,0,0,0,0,0,0,0,0,0,0,0,0,0,0,0,0,0,0.622309,0.622309,0,0,0,0,1,0,0,1,1,1,0,1,0,0,0,0,0,smurf.
0,0.03,0.1,0.01,0.000016,0,0,0,0,0,0,0,0,0,0,0,0,0,0,0,0,0,0.626223,0.626223,0,0,0,0,1,0,0,1,1,1,0,1,0,0,0,0,0,smurf.
0,0.03,0.1,0.01,0.000016,0,0,0,0,0,0,0,0,0,0,0,0,0,0,0,0,0,0.637965,0.637965,0,0,0,0,1,0,0,1,1,1,0,1,0,0,0,0,0,smurf.
0,0.03,0.1,0.01,0.000016,0,0,0,0,0,0,0,0,0,0,0,0,0,0,0,0,0,0.688845,0.688845,0,0,0,0,1,0,0,1,1,1,0,1,0,0,0,0,0,smurf.
0,0.03,0.1,0.01,0.000016,0,0,0,0,0,0,0,0,0,0,0,0,0,0,0,0,0,0.692759,0.692759,0,0,0,0,1,0,0,1,1,1,0,1,0,0,0,0,0,smurf.
0,0.03,0.1,0.01,0.000016,0,0,0,0,0,0,0,0,0,0,0,0,0,0,0,0,0,0.706458,0.706458,0,0,0,0,1,0,0,1,1,1,0,1,0,0,0,0,0,smurf.
0,0.03,0.1,0.01,0.000016,0,0,0,0,0,0,0,0,0,0,0,0,0,0,0,0,0,0.741683,0.741683,0,0,0,0,1,0,0,1,1,1,0,1,0,0,0,0,0,smurf.
0,0.03,0.1,0.01,0.000016,0,0,0,0,0,0,0,0,0,0,0,0,0,0,0,0,0,0.76908,0.76908,0,0,0,0,1,0,0,1,1,1,0,1,0,0,0,0,0,smurf.
0,0.03,0.1,0.01,0.000016,0,0,0,0,0,0,0,0,0,0,0,0,0,0,0,0,0,0.818004,0.818004,0,0,0,0,1,0,0,1,1,1,0,1,0,0,0,0,0,smurf.
0,0.03,0.1,0.01,0.000016,0,0,0,0,0,0,0,0,0,0,0,0,0,0,0,0,0,0.831703,0.831703,0,0,0,0,1,0,0,1,1,1,0,1,0,0,0,0,0,smurf.
0,0.03,0.1,0.01,0.000016,0,0,0,0,0,0,0,0,0,0,0,0,0,0,0,0,0,0.898239,0.898239,0,0,0,0,1,0,0,1,1,1,0,1,0,0,0,0,0,smurf.
0,0.03,0.1,0.01,0.000016,0,0,0,0,0,0,0,0,0,0,0,0,0,0,0,0,0,0.908023,0.908023,0,0,0,0,1,0,0,1,1,1,0,1,0,0,0,0,0,smurf.
0,0.03,0.1,0.01,0.000016,0,0,0,0,0,0,0,0,0,0,0,0,0,0,0,0,0,0.933464,0.933464,0,0,0,0,1,0,0,1,1,1,0,1,0,0,0,0,0,smurf.
0,0.03,0.1,0.01,0.000016,0,0,0,0,0,0,0,0,0,0,0,0,0,0,0,0,0,0.939335,0.939335,0,0,0,0,1,0,0,1,1,1,0,1,0,0,0,0,0,smurf.
0,0.03,0.1,0.01,0.000016,0,0,0,0,0,0,0,0,0,0,0,0,0,0,0,0,0,0.956947,0.956947,0,0,0,0,1,0,0,1,1,1,0,1,0,0,0,0,0,smurf.
0,0.03,0.1,0.01,0.000016,0,0,0,0,0,0,0,0,0,0,0,0,0,0,0,0,0,0.97456,0.97456,0,0,0,0,1,0,0,1,1,1,0,1,0,0,0,0,0,smurf.
0,0.01,0.01,0.01,0.000002,0,0,0,0,0,0,0,0,0,0,0,0,0,0,0,0,0,0.001957,0.001957,0,0,0,0,1,0,0,1,0.984314,0.98,0.01,0.01,0,0,0,0,0,normal.
0,0.03,0.1,0.01,0.000016,0,0,0,0,0,0,0,0,0,0,0,0,0,0,0,0,0,1,1,0,0,0,0,1,0,0,1,1,1,0,1,0,0,0,0,0,ipsweep.
0,0.01,0.01,0.01,0.000002,0,0,0,0,0,0,0,0,0,0,0,0,0,0,0,0,0,0.001957,0.001957,0,0,0,0,1,0,0,1,0.984314,0.98,0.01,0,0,0,0,0,0,snmpgetattack.
0,0.01,0.01,0.01,0.000002,0,0,0,0,0,0,0,0,0,0,0,0,0,0,0,0,0,0.001957,0.001957,0,0,0,0,1,0,0,1,0.984314,0.98,0.01,0,0,0,0,0,0,normal.
0,0.01,0.01,0.01,0.000002,0,0,0,0,0,0,0,0,0,0,0,0,0,0,0,0,0,0.001957,0.001957,0,0,0,0,1,0,0,1,0.984314,0.98,0.01,0.01,0,0,0,0,0,snmpgetattack.
0,0.02,0.05,0.01,0.000011,0,0,0,0,0,0,0,0,0,0,0,0,0,0,0,0,0,0.001957,0.001957,0,0,0,0,1,0,0,0.156863,0.309804,0.3,0.1,0.3,0.03,0,0,0.1,0,normal.
0,0.01,0.02,0.01,0.000001,0.000008,0,0,0,0,0,0,0,0,0,0,0,0,0,0,0,0,0.003914,0.021526,0,0,0,0,1,0,0.18,1,0.898039,0.9,0.02,0,0,0,0,0,0,normal.
0,0.01,0.02,0.01,0.000001,0.000008,0,0,0,0,0,0,0,0,0,0,0,0,0,0,0,0,0.015656,0.04501,0,0,0,0,1,0,0.13,1,0.909804,0.91,0.02,0.01,0,0,0,0,0,normal.
0,0.01,0.02,0.01,0.000001,0.000022,0,0,0,0,0,0,0,0,0,0,0,0,0,0,0,0,0.001957,0.003914,0,0,0,0,1,0,1,1,0.984314,0.98,0.01,0.01,0,0,0,0,0,normal.
0,0.01,0.02,0.01,0.000001,0.000021,0,0,0,0,0,0,0,0,0,0,0,0,0,0,0,0,0.003914,0.007828,0,0,0,0,1,0,0.5,1,0.984314,0.98,0.01,0.01,0,0,0,0,0,normal.
0,0.01,0.02,0.01,0,0.000003,0,0,0,0,0,0,0,0,0,0,0,0,0,0,0,0,0.001957,0.001957,0,0,0,0,1,0,0,0.003922,0.007843,1,0,1,1,0,0,0,0,normal.
0,0.01,0.02,0.01,0.000001,0.000008,0,0,0,0,0,0,0,0,0,0,0,0,0,0,0,0,0.003914,0.011742,0,0,0,0,1,0,0.33,1,0.933333,0.93,0.02,0,0,0,0,0,0,normal.
0,0.01,0.02,0.01,0.000001,0.000007,0,0,0,0,0,0,0,0,0,0,0,0,0,0,0,0,0.009785,0.021526,0,0,0,0,1,0,0.18,1,0.988235,0.99,0.01,0,0,0,0,0,0,normal.
0,0.01,0.02,0.01,0.000001,0.000009,0,0,0,0,0,0,0,0,0,0,0,0,0,0,0,0,0.003914,0.005871,0,0,0,0,1,0,0.67,1,0.988235,0.99,0.01,0.01,0,0,0,0,0,normal.
0,0.01,0.02,0.01,0.000001,0.000008,0,0,0,0,0,0,0,0,0,0,0,0,0,0,0,0,0.013699,0.029354,0,0,0,0,1,0,0.2,1,0.956863,0.96,0.02,0,0,0,0,0,0,normal.
0,0.01,0.02,0.01,0.000001,0.000021,0,0,0,0,0,0,0,0,0,0,0,0,0,0,0,0,0.001957,0.007828,0,0,0,0,1,0,0.75,1,0.988235,0.99,0.01,0.01,0,0,0,0,0,normal.
0,0.01,0.02,0.01,0.000001,0.000007,0,0,0,0,0,0,0,0,0,0,0,0,0,0,0,0,0.005871,0.011742,0,0,0,0,1,0,0.5,1,0.988235,0.99,0.01,0.02,0,0,0,0,0,normal.
0,0.01,0.02,0.01,0.000001,0.000008,0,0,0,0,0,0,0,0,0,0,0,0,0,0,0,0,0.007828,0.011742,0,0,0,0,1,0,0.33,1,0.964706,0.96,0.02,0.01,0,0,0,0,0,normal.
0,0.01,0.02,0.01,0,0.000006,0,0,0,0,0,0,0,0,0,0,0,0,0,0,0,0,0.017613,0.027397,0,0,0,0,1,0,0.14,1,0.968627,0.97,0.02,0.01,0,0,0,0,0,normal.
0,0.01,0.02,0.01,0.000001,0.000008,0,0,0,0,0,0,0,0,0,0,0,0,0,0,0,0,0.003914,0.005871,0,0,0,0,1,0,0.67,1,0.968627,0.97,0.02,0,0,0,0,0,0,normal.
0,0.01,0.02,0.01,0.000001,0.000022,0,0,0,0,0,0,0,0,0,0,0,0,0,0,0,0,0.009785,0.015656,0,0,0,0,1,0,0.25,1,0.988235,0.99,0.01,0,0,0,0,0,0,normal.
0,0.01,0.02,0.01,0.000001,0.000022,0,0,0,0,0,0,0,0,0,0,0,0,0,0,0,0,0.003914,0.009785,0,0,0,0,1,0,0.4,1,0.988235,0.99,0.01,0,0,0,0,0,0,normal.
0,0.01,0.02,0.01,0.000001,0.000022,0,0,0,0,0,0,0,0,0,0,0,0,0,0,0,0,0.003914,0.007828,0,0,0,0,1,0,0.5,1,0.984314,0.98,0.01,0,0,0,0,0,0,normal.
0,0.02,0.03,0.01,0,0.000279,0,0,0,0,0,0,0,0,0,0,0,0,0,0,0,0,0.007828,0.019569,0.25,0.1,0,0,1,0,0.2,0.992157,1,1,0,0,0.01,0,0,0,0,normal.
0,0.01,0.01,0.01,0,0,0,0,0,0,0,0,0,0,0,0,0,0,0,0,0,0,0.011742,0.003914,0,0,0,0,0.33,0.5,0,1,0.007843,0.01,0.97,0.02,0,0.06,0,0.89,0,normal.
0,0.01,0.01,0.01,0,0,0,0,0,0,0,0,0,0,0,0,0,0,0,0,0,0,0.017613,0.001957,0,0,0,0,0.11,0.56,0,1,0.003922,0,0.95,0.05,0,0.04,0,0.88,0,normal.
0,0.01,0.02,0.01,0.000001,0.000022,0,0,0,0,0,0,0,0,0,0,0,0,0,0,0,0,0.017613,0.015656,0,0,0,0,0.56,0.22,0.25,1,0.972549,0.97,0.02,0,0,0,0,0,0,normal.
0,0.01,0.02,0.01,0.000001,0.000022,0,0,0,0,0,0,0,0,0,0,0,0,0,0,0,0,0.005871,0.007828,0,0,0,0,0.67,0.67,0.5,1,0.972549,0.97,0.02,0,0,0,0,0,0,normal.
0,0.01,0.01,0.01,0,0,0,0,0,0,0,0,0,0,0,0,0,0,0,0,0,0,0.02544,0.023483,0,0,0,0,0.92,0.15,0,1,0.090196,0.09,0.85,0.16,0,0.04,0,0.77,0,normal.
0,0.01,0.01,0.01,0,0,0,0,0,0,0,0,0,0,0,0,0,0,0,0,0,0,0.033268,0.011742,0,0,0,0,0.35,0.24,0,1,0.023529,0.02,0.8,0.21,0,0.04,0,0.72,0,normal.
0,0.01,0.02,0.01,0.000001,0.000022,0,0,0,0,0,0,0,0,0,0,0,0,0,0,0,0,0.009785,0.009785,0,0,0,0,0.4,0.4,0.4,1,0.972549,0.97,0.02,0,0,0,0,0,0,normal.
0,0.01,0.01,0.01,0,0.000005,0,0,0,0,0,0,0,0,0,0,0,0,0,0,0,0,0.029354,0.007828,0,0,0,0,0.27,0.4,0,1,0.015686,0.02,0.69,0.35,0,0.03,0,0.6,0,normal.
0,0.01,0.01,0.01,0,0.000005,0,0,0,0,0,0,0,0,0,0,0,0,0,0,0,0,0.02544,0.023483,0,0,0,0,0.92,0.15,0,1,0.05098,0.05,0.65,0.38,0,0.03,0,0.56,0,normal.
0,0.01,0.01,0.01,0,0.000005,0,0,0,0,0,0,0,0,0,0,0,0,0,0,0,0,0.035225,0.031311,0,0,0,0,0.89,0.11,0,1,0.086275,0.09,0.61,0.42,0,0.02,0,0.53,0,normal.
0,0.01,0.01,0.01,0,0.000005,0,0,0,0,0,0,0,0,0,0,0,0,0,0,0,0,0.033268,0.031311,0,0,0,0,0.94,0.12,0,1,0.105882,0.11,0.59,0.44,0,0.01,0,0.52,0,normal.
0,0.01,0.01,0.01,0,0,0,0,0,0,0,0,0,0,0,0,0,0,0,0,0,0,0.033268,0.005871,0,0,0,0,0.18,0.29,0,1,0.011765,0.01,0.57,0.47,0,0.01,0,0.49,0,normal.
0,0.01,0.01,0.01,0,0.000014,0,0,0,0,0,0,0,0,0,0,0,0,0,0,0,0,0.027397,0.015656,0,0,0,0,0.57,0.21,0,1,0.031373,0.03,0.52,0.53,0,0.01,0,0.42,0,normal.
0,0.01,0.01,0.01,0,0.000014,0,0,0,0,0,0,0,0,0,0,0,0,0,0,0,0,0.027397,0.02544,0,0,0,0,0.93,0.14,0,1,0.066667,0.07,0.48,0.57,0,0.01,0,0.38,0,normal.
0,0.01,0.01,0.01,0,0.000014,0,0,0,0,0,0,0,0,0,0,0,0,0,0,0,0,0.023483,0.021526,0,0,0,0,0.92,0.17,0,1,0.07451,0.07,0.47,0.58,0,0.01,0,0.37,0,normal.
0,0.01,0.01,0.01,0,0.000014,0,0,0,0,0,0,0,0,0,0,0,0,0,0,0,0,0.02544,0.021526,0,0,0,0,0.85,0.15,0,1,0.094118,0.09,0.45,0.61,0,0,0,0.36,0,normal.
0,0.01,0.01,0.01,0,0,0,0,0,0,0,0,0,0,0,0,0,0,0,0,0,0,0.037182,0.007828,0,0,0,0,0.21,0.21,0,1,0.015686,0.02,0.41,0.65,0,0,0,0.32,0,normal.
0,0.01,0.02,0.01,0.000001,0.000008,0,0,0,0,0,0,0,0,0,0,0,0,0,0,0,0,0.017613,0.029354,0,0,0,0,1,0,0.13,1,0.972549,0.97,0.02,0.01,0,0,0,0,0,normal.
0,0.01,0.01,0.01,0,0.000001,0,0,0,0,0,0,0,0,0,0,0,0,0,0,0,0,0.017613,0.013699,0,0,0,0,0.78,0.22,0,1,0.027451,0.03,0.29,0.84,0,0,0,0.13,0,normal.
0,0.01,0.01,0.01,0,0.000001,0,0,0,0,0,0,0,0,0,0,0,0,0,0,0,0,0.027397,0.023483,0,0,0,0,0.86,0.14,0,1,0.066667,0.07,0.24,0.88,0,0,0,0.09,0,normal.
0,0.01,0.01,0.01,0,0,0,0,0,0,0,0,0,0,0,0,0,0,0,0,0,0,0.023483,0.021526,0,0,0,0,0.92,0.17,0,1,0.043137,0.04,0.17,1,0,0,0,0,0,normal.
0,0.01,0.01,0.01,0,0,0,0,0,0,0,0,0,0,0,0,0,0,0,0,0,0,0.02544,0.023483,0,0,0,0,0.92,0.15,0,1,0.07451,0.07,0.16,1,0,0,0,0,0,normal.
0,0.01,0.01,0.01,0,0,0,0,0,0,0,0,0,0,0,0,0,0,0,0,0,0,0.027397,0.007828,0,0,0,0,0.29,0.21,0,1,0.015686,0.02,0.15,1,0,0,0,0,0,normal.
0,0.01,0.01,0.01,0,0,0,0,0,0,0,0,0,0,0,0,0,0,0,0,0,0,0.027397,0.007828,0,0,0,0,0.29,0.29,0,1,0.015686,0.02,0.16,1,0,0,0,0,0,normal.
0,0.01,0.02,0.01,0.000001,0.000008,0,0,0,0,0,0,0,0,0,0,0,0,0,0,0,0,0.011742,0.021526,0,0,0,0,1,0,0.27,1,0.972549,0.97,0.02,0.01,0,0,0,0,0,normal.
0.00104,0.02,0.16,0.01,0.000002,0.000034,0,0,0,0,0.25,0,0,0,0,0,0,0,0,0,0,0,0.001957,0.001957,0,0,0,0,1,0,0,1,0.007843,0.01,0.02,0,0,0,0,0,0,normal.
0,0.01,0.02,0.01,0.000001,0.000008,0,0,0,0,0,0,0,0,0,0,0,0,0,0,0,0,0.015656,0.023483,0,0,0,0,1,0,0.17,1,0.972549,0.97,0.02,0.01,0,0,0,0,0,normal.
0,0.01,0.02,0.01,0.000001,0.000008,0,0,0,0,0,0,0,0,0,0,0,0,0,0,0,0,0.019569,0.027397,0,0,0,0,1,0,0.14,1,0.968627,0.97,0.02,0,0,0,0,0,0,normal.
0,0.01,0.02,0.01,0.000001,0.000022,0,0,0,0,0,0,0,0,0,0,0,0,0,0,0,0,0.005871,0.009785,0,0,0,0,1,0,0.4,1,0.882353,0.88,0.02,0,0,0,0,0,0,normal.
0,0.01,0.02,0.01,0.000001,0.000008,0,0,0,0,0,0,0,0,0,0,0,0,0,0,0,0,0.007828,0.013699,0,0,0,0,1,0,0.29,1,0.968627,0.97,0.02,0,0,0,0,0,0,normal.
0,0.01,0.02,0.01,0.000001,0.000008,0,0,0,0,0,0,0,0,0,0,0,0,0,0,0,0,0.005871,0.009785,0,0,0,0,1,0,0.4,1,0.968627,0.97,0.02,0,0,0,0,0,0,normal.
0,0.01,0.02,0.01,0.000001,0.000008,0,0,0,0,0,0,0,0,0,0,0,0,0,0,0,0,0.019569,0.027397,0,0,0,0,1,0,0.14,1,0.972549,0.97,0.02,0,0,0,0,0,0,normal.
0,0.01,0.02,0.01,0.000001,0.000008,0,0,0,0,0,0,0,0,0,0,0,0,0,0,0,0,0.003914,0.005871,0,0,0,0,1,0,0.67,1,0.882353,0.88,0.02,0.01,0,0,0,0,0,normal.
0,0.01,0.02,0.01,0.000001,0.000022,0,0,0,0,0,0,0,0,0,0,0,0,0,0,0,0,0.003914,0.003914,0,0,0,0,0.5,1,1,1,0.882353,0.88,0.02,0,0,0,0,0,0,normal.
0,0.01,0.02,0.01,0,0,0,0,0,0,0,0,0,0,0,0,0,0,0,0,0,0,0.003914,0.001957,0,0,0,0,0.5,1,0,0.239216,0.035294,0.15,0.1,0.15,0,0,0,0.05,0,normal.
0,0.02,0.05,0.01,0.000163,0,0,0,0,0,0,0,0,0,0,0,0,0,0,0,0,0,0.011742,0.046967,0,0,0,0,1,0,0.08,0.262745,0.082353,0.31,0.07,0.31,0,0,0,0,0,normal.
0,0.01,0.02,0.01,0.000001,0.000022,0,0,0,0,0,0,0,0,0,0,0,0,0,0,0,0,0.005871,0.015656,0,0,0,0,1,0,0.25,1,0.882353,0.88,0.02,0.01,0,0,0,0,0,normal.
0,0.01,0.02,0.01,0.000001,0.000022,0,0,0,0,0,0,0,0,0,0,0,0,0,0,0,0,0.011742,0.021526,0,0,0,0,1,0,0.18,1,0.882353,0.88,0.02,0,0,0,0,0,0,normal.
0,0.01,0.02,0.01,0.000001,0.000008,0,0,0,0,0,0,0,0,0,0,0,0,0,0,0,0,0.009785,0.015656,0,0,0,0,1,0,0.25,1,0.972549,0.97,0.02,0,0,0,0,0,0,normal.
0.000035,0.01,0.02,0.01,0.000001,0.000008,0,0,0,0,0,0,0,0,0,0,0,0,0,0,0,0,0.005871,0.007828,0,0,0,0,1,0,0.5,1,0.968627,0.97,0.02,0.05,0,0,0,0,0,normal.
0,0.01,0.02,0.01,0.000001,0.000008,0,0,0,0,0,0,0,0,0,0,0,0,0,0,0,0,0.011742,0.013699,0,0,0,0,0.83,0.33,0.29,1,0.968627,0.97,0.02,0,0,0,0,0,0,normal.
0,0.02,0.05,0.01,0.000012,0,0,0,0,0,0,0,0,0,0,0,0,0,0,0,0,0,0.003914,0.003914,0,0,0,0,1,0,0,0.211765,0.058824,0.13,0.07,0.13,0.13,0.02,0,0,0,normal.
0,0.01,0.02,0.01,0.000001,0.000022,0,0,0,0,0,0,0,0,0,0,0,0,0,0,0,0,0.007828,0.017613,0,0,0,0,1,0,0.22,1,0.882353,0.88,0.02,0,0,0,0,0,0,normal.
0,0.01,0.02,0.01,0.000001,0.000009,0,0,0,0,0,0,0,0,0,0,0,0,0,0,0,0,0.003914,0.005871,0,0,0,0,1,0,0.67,1,0.882353,0.88,0.02,0.01,0,0,0,0,0,normal.
0,0.01,0.02,0.01,0.000001,0.000009,0,0,0,0,0,0,0,0,0,0,0,0,0,0,0,0,0.005871,0.009785,0,0,0,0,1,0,0.4,1,0.882353,0.88,0.02,0.01,0,0,0,0,0,normal.
0,0.01,0.02,0.01,0.000001,0.000008,0,0,0,0,0,0,0,0,0,0,0,0,0,0,0,0,0.011742,0.017613,0,0,0,0,1,0,0.22,1,0.968627,0.97,0.02,0,0,0,0,0,0,normal.
0,0.01,0.02,0.01,0.000001,0.000007,0,0,0,0,0,0,0,0,0,0,0,0,0,0,0,0,0.007828,0.021526,0,0,0,0,1,0,0.27,1,0.878431,0.88,0.02,0,0,0,0,0,0,normal.
0,0.01,0.02,0.01,0.000001,0.000008,0,0,0,0,0,0,0,0,0,0,0,0,0,0,0,0,0.019569,0.033268,0,0,0,0,1,0,0.18,1,0.968627,0.97,0.02,0,0,0,0,0,0,normal.
0,0.01,0.02,0.01,0.000001,0.000022,0,0,0,0,0,0,0,0,0,0,0,0,0,0,0,0,0.003914,0.007828,0,0,0,0,1,0,0.5,1,0.878431,0.88,0.02,0,0,0,0,0,0,normal.
0,0.01,0.02,0.01,0.000001,0.000022,0,0,0,0,0,0,0,0,0,0,0,0,0,0,0,0,0.005871,0.027397,0,0,0,0,1,0,0.21,1,0.878431,0.88,0.02,0,0,0,0,0,0,normal.
0,0.01,0.02,0.01,0.000001,0.000022,0,0,0,0,0,0,0,0,0,0,0,0,0,0,0,0,0.005871,0.011742,0,0,0,0,1,0,0.33,1,0.882353,0.88,0.02,0,0,0,0,0,0,normal.
0,0.01,0.02,0.01,0.000001,0.000007,0,0,0,0,0,0,0,0,0,0,0,0,0,0,0,0,0.009785,0.017613,0,0,0,0,1,0,0.22,1,0.882353,0.88,0.02,0,0,0,0,0,0,normal.
0,0.01,0.02,0.01,0,0.000006,0,0,0,0,0,0,0,0,0,0,0,0,0,0,0,0,0.005871,0.021526,0,0,0,0,1,0,0.18,1,0.878431,0.88,0.02,0.01,0,0,0,0,0,normal.
0,0.02,0.05,0.01,0.000011,0,0,0,0,0,0,0,0,0,0,0,0,0,0,0,0,0,0.001957,0.001957,0,0,0,0,1,0,0,0.282353,0.235294,0.38,0.04,0.38,0.03,0,0,0.06,0,normal.
0,0.02,0.05,0.01,0.000062,0,0,0,0,0,0,0,0,0,0,0,0,0,0,0,0,0,0.001957,0.001957,0,0,0,0,1,0,0,0.203922,0.25098,0.17,0.1,0.17,0.03,0.02,0,0.13,0,normal.
0,0.01,0.02,0.01,0.000001,0.000007,0,0,0,0,0,0,0,0,0,0,0,0,0,0,0,0,0.001957,0.003914,0,0,0,0,1,0,1,1,0.878431,0.88,0.02,0,0,0,0,0,0,normal.
0,0.02,0.05,0.01,0.007987,0,0,0,0,0,0,0,0,0,0,0,0,0,0,0,0,0,0.003914,0.003914,0,0,0,0,1,0,0,0.443137,0.180392,0.28,0.16,0.4,0.04,0.01,0.02,0,0,normal.
0,0.01,0.02,0.01,0.000001,0.000009,0,0,0,0,0,0,0,0,0,0,0,0,0,0,0,0,0.003914,0.005871,0,0,0,0,1,0,0.67,1,0.886275,0.89,0.02,0.01,0,0,0,0,0,normal.
0,0.01,0.02,0.01,0.000001,0.000022,0,0,0,0,0,0,0,0,0,0,0,0,0,0,0,0,0.005871,0.009785,0,0,0,0,1,0,0.4,1,0.890196,0.89,0.02,0,0,0,0,0,0,normal.
0,0.01,0.02,0.01,0.000001,0.000008,0,0,0,0,0,0,0,0,0,0,0,0,0,0,0,0,0.009785,0.013699,0,0,0,0,1,0,0.29,1,0.960784,0.96,0.02,0,0,0,0,0,0,normal.
0,0.01,0.02,0.01,0.000001,0.000009,0,0,0,0,0,0,0,0,0,0,0,0,0,0,0,0,0.003914,0.005871,0,0,0,0,1,0,0.67,1,0.898039,0.9,0.01,0.01,0,0,0,0,0,normal.
0,0.01,0.02,0.01,0.000001,0.000022,0,0,0,0,0,0,0,0,0,0,0,0,0,0,0,0,0.009785,0.017613,0,0,0,0,0.8,0.4,0.22,1,0.901961,0.9,0.01,0,0,0,0,0,0,normal.
0,0.01,0.02,0.01,0.000001,0.000008,0,0,0,0,0,0,0,0,0,0,0,0,0,0,0,0,0.009785,0.021526,0,0,0,0,1,0,0.18,1,0.964706,0.96,0.01,0,0,0,0,0,0,normal.
0,0.01,0.02,0.01,0.000001,0.000022,0,0,0,0,0,0,0,0,0,0,0,0,0,0,0,0,0.013699,0.043053,0,0,0,0,0.86,0.29,0.09,1,0.92549,0.93,0.01,0.01,0,0,0,0,0,normal.
0,0.01,0.02,0.01,0.000001,0.000008,0,0,0,0,0,0,0,0,0,0,0,0,0,0,0,0,0.033268,0.048924,0,0,0,0,1,0,0.08,1,0.964706,0.96,0.01,0,0,0,0,0,0,normal.
0,0.01,0.02,0.01,0.000001,0.000008,0,0,0,0,0,0,0,0,0,0,0,0,0,0,0,0,0.023483,0.04501,0,0,0,0,1,0,0.13,1,0.968627,0.97,0.01,0.01,0,0,0,0,0,normal.
0,0.01,0.02,0.01,0.000001,0.000008,0,0,0,0,0,0,0,0,0,0,0,0,0,0,0,0,0.009785,0.013699,0,0,0,0,1,0,0.29,1,0.968627,0.97,0.01,0,0,0,0,0,0,normal.
0,0.01,0.02,0.01,0.000001,0.000008,0,0,0,0,0,0,0,0,0,0,0,0,0,0,0,0,0.005871,0.007828,0,0,0,0,1,0,0.5,1,0.984314,0.98,0.01,0.02,0,0,0,0,0,normal.
0,0.01,0.02,0.01,0.000001,0.000022,0,0,0,0,0,0,0,0,0,0,0,0,0,0,0,0,0.001957,0.003914,0,0,0,0,1,0,1,1,0.984314,0.98,0.01,0,0,0,0,0,0,normal.
0,0.02,0.05,0.01,0.000004,0,0,0,0,0,0,0,0,0,0,0,0,0,0,0,0,0,0.005871,0.003914,0,0,0,0,0.67,0.67,0,0.34902,0.078431,0.02,0.08,0.02,0.1,0,0,0.03,0,normal.
0,0.02,0.05,0.01,0.000118,0,0,0,0,0,0,0,0,0,0,0,0,0,0,0,0,0,0.017613,0.017613,0,0,0,0,1,0,0,0.4,0.121569,0.15,0.07,0.15,0.06,0,0,0.03,0,normal.
0,0.01,0.02,0.01,0.000001,0.000022,0,0,0,0,0,0,0,0,0,0,0,0,0,0,0,0,0.001957,0.003914,0,0,0,0,1,0,1,1,0.984314,0.98,0.01,0,0,0,0,0,0,normal.
0,0.01,0.02,0.01,0.000001,0.000008,0,0,0,0,0,0,0,0,0,0,0,0,0,0,0,0,0.007828,0.011742,0,0,0,0,1,0,0.33,1,0.984314,0.98,0.01,0.01,0,0,0,0,0,normal.
0,0.01,0.02,0.01,0.000001,0.000008,0,0,0,0,0,0,0,0,0,0,0,0,0,0,0,0,0.005871,0.007828,0,0,0,0,1,0,0.5,1,0.984314,0.98,0.01,0.01,0,0,0,0,0,normal.
0,0.02,0.09,0.01,0,0.000007,0,0,0,0,0,0,0,0,0,0,0,0,0,0,0,0,0.001957,0.001957,0,0,0,0,1,0,0,0.313725,0.023529,0.03,0.04,0.01,0.33,0,0,0.05,0,normal.
0,0.01,0.02,0.01,0.000001,0.000009,0,0,0,0,0,0,0,0,0,0,0,0,0,0,0,0,0.007828,0.019569,0,0,0,0,1,0,0.2,1,0.988235,0.99,0.01,0.01,0,0,0,0,0,normal.
0,0.01,0.02,0.01,0.000001,0.000022,0,0,0,0,0,0,0,0,0,0,0,0,0,0,0,0,0.003914,0.003914,0,0,0,0,0.5,1,1,1,0.988235,0.99,0.01,0,0,0,0,0,0,normal.
0,0.01,0.02,0.01,0.000001,0.000021,0,0,0,0,0,0,0,0,0,0,0,0,0,0,0,0,0.005871,0.011742,0,0,0,0,1,0,0.33,1,0.988235,0.99,0.01,0,0,0,0,0,0,normal.
0,0.01,0.02,0.01,0.000001,0.000008,0,0,0,0,0,0,0,0,0,0,0,0,0,0,0,0,0.015656,0.023483,0,0,0,0,1,0,0.17,1,0.972549,0.97,0.01,0,0,0,0,0,0,normal.
0,0.01,0.02,0.01,0.000001,0.000022,0,0,0,0,0,0,0,0,0,0,0,0,0,0,0,0,0.003914,0.007828,0,0,0,0,1,0,0.5,1,0.988235,0.99,0.01,0,0,0,0,0,0,normal.
0,0.01,0.02,0.01,0.000001,0.000008,0,0,0,0,0,0,0,0,0,0,0,0,0,0,0,0,0.033268,0.054795,0,0,0,0,1,0,0.11,1,0.972549,0.97,0.01,0.01,0,0,0,0,0,normal.
0,0.01,0.02,0.01,0.000001,0.000008,0,0,0,0,0,0,0,0,0,0,0,0,0,0,0,0,0.021526,0.037182,0,0,0,0,1,0,0.16,1,0.972549,0.97,0.01,0,0,0,0,0,0,normal.
0,0.01,0.02,0.01,0.000001,0.000008,0,0,0,0,0,0,0,0,0,0,0,0,0,0,0,0,0.005871,0.007828,0,0,0,0,1,0,0.5,1,0.988235,0.99,0.01,0.01,0,0,0,0,0,normal.
0,0.01,0.02,0.01,0.000001,0.000008,0,0,0,0,0,0,0,0,0,0,0,0,0,0,0,0,0.007828,0.011742,0,0,0,0,1,0,0.33,1,0.972549,0.97,0.01,0,0,0,0,0,0,normal.
0,0.01,0.02,0.01,0.000001,0.000021,0,0,0,0,0,0,0,0,0,0,0,0,0,0,0,0,0.007828,0.013699,0,0,0,0,1,0,0.29,1,0.992157,0.99,0.01,0,0,0,0,0,0,normal.
0,0.01,0.02,0.01,0.000001,0.000022,0,0,0,0,0,0,0,0,0,0,0,0,0,0,0,0,0.003914,0.007828,0,0,0,0,1,0,0.5,1,0.992157,0.99,0.01,0,0,0,0,0,0,normal.
0,0.01,0.02,0.01,0.000001,0.000022,0,0,0,0,0,0,0,0,0,0,0,0,0,0,0,0,0.001957,0.003914,0,0,0,0,1,0,1,1,0.992157,0.99,0.01,0,0,0,0,0,0,normal.
0,0.01,0.02,0.01,0.000001,0.000022,0,0,0,0,0,0,0,0,0,0,0,0,0,0,0,0,0.003914,0.007828,0,0,0,0,1,0,0.5,1,0.992157,0.99,0.01,0,0,0,0,0,0,normal.
0.003448,0.02,0.12,0.01,0.000893,0.00338,0,0,0,0,0,0,0,0,0,0,0,0,0,0,0,0,0.001957,0.001957,0,0,0,0,1,0,0,1,0.007843,0.01,0.02,0,0,0,0,0,0,{mixture}
0.002322,0.02,0.11,0.01,0.000005,0.000194,0,0,0,0,0,0,0,0,0,0,0,0,0,0,0,0,0.001957,0.001957,0,0,0,0,1,0,0,1,0.007843,0.01,0.02,0,0,0,0,0,0,{mixture}
0,0.03,0.1,0.01,0.000016,0,0,0,0,0,0,0,0,0,0,0,0,0,0,0,0,0,0.998043,0.998043,0,0,0,0,1,0,0,1,1,1,0,1,0,0,0,0,0,{mixture}
0,0.03,0.1,0.01,0.000016,0,0,0,0,0,0,0,0,0,0,0,0,0,0,0,0,0,1,1,0,0,0,0,1,0,0,1,1,1,0,1,0,0,0,0,0,{mixture}
0,0.03,0.1,0.01,0.000016,0,0,0,0,0,0,0,0,0,0,0,0,0,0,0,0,0,0.996086,0.996086,0,0,0,0,1,0,0,1,1,1,0,1,0,0,0,0,0,{mixture}
0,0.03,0.1,0.01,0.000016,0,0,0,0,0,0,0,0,0,0,0,0,0,0,0,0,0,0.994129,0.994129,0,0,0,0,1,0,0,1,1,1,0,1,0,0,0,0,0,{mixture}
0,0.03,0.1,0.01,0.000016,0,0,0,0,0,0,0,0,0,0,0,0,0,0,0,0,0,0.986301,0.986301,0,0,0,0,1,0,0,1,1,1,0,1,0,0,0,0,0,{mixture}
0,0.03,0.1,0.01,0.000016,0,0,0,0,0,0,0,0,0,0,0,0,0,0,0,0,0,0.966732,0.966732,0,0,0,0,1,0,0,1,1,1,0,1,0,0,0,0,0,{mixture}
0,0.03,0.1,0.01,0.000016,0,0,0,0,0,0,0,0,0,0,0,0,0,0,0,0,0,0.78865,0.78865,0,0,0,0,1,0,0,1,1,1,0,1,0,0,0,0,0,{mixture}
0,0.03,0.1,0.01,0.000016,0,0,0,0,0,0,0,0,0,0,0,0,0,0,0,0,0,0.023483,0.023483,0,0,0,0,1,0,0,1,1,1,0,1,0,0,0,0,0,{mixture}
0,0.03,0.1,0.01,0.000016,0,0,0,0,0,0,0,0,0,0,0,0,0,0,0,0,0,0.043053,0.043053,0,0,0,0,1,0,0,1,1,1,0,1,0,0,0,0,0,{mixture}
0,0.03,0.1,0.01,0.000016,0,0,0,0,0,0,0,0,0,0,0,0,0,0,0,0,0,0.792564,0.792564,0,0,0,0,1,0,0,1,1,1,0,1,0,0,0,0,0,{mixture}
0,0.03,0.1,0.01,0.000016,0,0,0,0,0,0,0,0,0,0,0,0,0,0,0,0,0,0.058708,0.058708,0,0,0,0,1,0,0,1,1,1,0,1,0,0,0,0,0,{mixture}
0,0.03,0.1,0.01,0.000016,0,0,0,0,0,0,0,0,0,0,0,0,0,0,0,0,0,0.800391,0.800391,0,0,0,0,1,0,0,1,1,1,0,1,0,0,0,0,0,{mixture}
0,0.03,0.1,0.01,0.000016,0,0,0,0,0,0,0,0,0,0,0,0,0,0,0,0,0,0.072407,0.072407,0,0,0,0,1,0,0,1,1,1,0,1,0,0,0,0,0,{mixture}
0,0.03,0.1,0.01,0.000016,0,0,0,0,0,0,0,0,0,0,0,0,0,0,0,0,0,0.990215,0.990215,0,0,0,0,1,0,0,1,1,1,0,1,0,0,0,0,0,{mixture}
0,0.03,0.1,0.01,0.000016,0,0,0,0,0,0,0,0,0,0,0,0,0,0,0,0,0,0.084149,0.084149,0,0,0,0,1,0,0,1,1,1,0,1,0,0,0,0,0,{mixture}
0,0.03,0.1,0.01,0.000016,0,0,0,0,0,0,0,0,0,0,0,0,0,0,0,0,0,0.111546,0.111546,0,0,0,0,1,0,0,1,1,1,0,1,0,0,0,0,0,{mixture}
0,0.03,0.1,0.01,0.000016,0,0,0,0,0,0,0,0,0,0,0,0,0,0,0,0,0,0.131115,0.131115,0,0,0,0,1,0,0,1,1,1,0,1,0,0,0,0,0,{mixture}
0,0.03,0.1,0.01,0.000016,0,0,0,0,0,0,0,0,0,0,0,0,0,0,0,0,0,0.829746,0.829746,0,0,0,0,1,0,0,1,1,1,0,1,0,0,0,0,0,{mixture}
0,0.03,0.1,0.01,0.000016,0,0,0,0,0,0,0,0,0,0,0,0,0,0,0,0,0,0.213307,0.213307,0,0,0,0,1,0,0,1,1,1,0,1,0,0,0,0,0,{mixture}
0,0.03,0.1,0.01,0.000016,0,0,0,0,0,0,0,0,0,0,0,0,0,0,0,0,0,0.876712,0.876712,0,0,0,0,1,0,0,1,1,1,0,1,0,0,0,0,0,{mixture}
0,0.03,0.1,0.01,0.000016,0,0,0,0,0,0,0,0,0,0,0,0,0,0,0,0,0,0.227006,0.227006,0,0,0,0,1,0,0,1,1,1,0,1,0,0,0,0,0,{mixture}
0,0.03,0.1,0.01,0.000016,0,0,0,0,0,0,0,0,0,0,0,0,0,0,0,0,0,0.219178,0.219178,0,0,0,0,1,0,0,1,1,1,0,1,0,0,0,0,0,{mixture}
0,0.03,0.1,0.01,0.000016,0,0,0,0,0,0,0,0,0,0,0,0,0,0,0,0,0,0.238748,0.238748,0,0,0,0,1,0,0,1,1,1,0,1,0,0,0,0,0,{mixture}
0,0.03,0.1,0.01,0.000016,0,0,0,0,0,0,0,0,0,0,0,0,0,0,0,0,0,0.886497,0.886497,0,0,0,0,1,0,0,1,1,1,0,1,0,0,0,0,0,{mixture}
0,0.03,0.1,0.01,0.000016,0,0,0,0,0,0,0,0,0,0,0,0,0,0,0,0,0,0.892368,0.892368,0,0,0,0,1,0,0,1,1,1,0,1,0,0,0,0,0,{mixture}
0,0.03,0.1,0.01,0.000016,0,0,0,0,0,0,0,0,0,0,0,0,0,0,0,0,0,0.906067,0.906067,0,0,0,0,1,0,0,1,1,1,0,1,0,0,0,0,0,{mixture}
0,0.03,0.1,0.01,0.000016,0,0,0,0,0,0,0,0,0,0,0,0,0,0,0,0,0,0.268102,0.268102,0,0,0,0,1,0,0,1,1,1,0,1,0,0,0,0,0,{mixture}
0,0.03,0.1,0.01,0.000016,0,0,0,0,0,0,0,0,0,0,0,0,0,0,0,0,0,0.976517,0.976517,0,0,0,0,1,0,0,1,1,1,0,1,0,0,0,0,0,{mixture}
0,0.03,0.1,0.01,0.000016,0,0,0,0,0,0,0,0,0,0,0,0,0,0,0,0,0,0.379648,0.379648,0,0,0,0,1,0,0,1,1,1,0,1,0,0,0,0,0,{mixture}
0,0.03,0.1,0.01,0.000016,0,0,0,0,0,0,0,0,0,0,0,0,0,0,0,0,0,0.420744,0.420744,0,0,0,0,1,0,0,1,1,1,0,1,0,0,0,0,0,{mixture}
0,0.03,0.1,0.01,0.000016,0,0,0,0,0,0,0,0,0,0,0,0,0,0,0,0,0,0.405088,0.405088,0,0,0,0,1,0,0,1,1,1,0,1,0,0,0,0,0,{mixture}
0,0.03,0.1,0.01,0.000016,0,0,0,0,0,0,0,0,0,0,0,0,0,0,0,0,0,0.446184,0.446184,0,0,0,0,1,0,0,1,1,1,0,1,0,0,0,0,0,{mixture}
0,0.03,0.1,0.01,0.000016,0,0,0,0,0,0,0,0,0,0,0,0,0,0,0,0,0,0.428571,0.428571,0,0,0,0,1,0,0,1,1,1,0,1,0,0,0,0,0,{mixture}
0,0.03,0.1,0.01,0.000016,0,0,0,0,0,0,0,0,0,0,0,0,0,0,0,0,0,0.452055,0.452055,0,0,0,0,1,0,0,1,1,1,0,1,0,0,0,0,0,{mixture}
0,0.03,0.1,0.01,0.000016,0,0,0,0,0,0,0,0,0,0,0,0,0,0,0,0,0,0.450098,0.450098,0,0,0,0,1,0,0,1,1,1,0,1,0,0,0,0,0,{mixture}
0,0.03,0.1,0.01,0.000016,0,0,0,0,0,0,0,0,0,0,0,0,0,0,0,0,0,0.454012,0.454012,0,0,0,0,1,0,0,1,1,1,0,1,0,0,0,0,0,{mixture}
0,0.03,0.1,0.01,0.000016,0,0,0,0,0,0,0,0,0,0,0,0,0,0,0,0,0,0.46184,0.46184,0,0,0,0,1,0,0,1,1,1,0,1,0,0,0,0,0,{mixture}
0,0.03,0.1,0.01,0.000016,0,0,0,0,0,0,0,0,0,0,0,0,0,0,0,0,0,0.477495,0.477495,0,0,0,0,1,0,0,1,1,1,0,1,0,0,0,0,0,{mixture}
0,0.03,0.1,0.01,0.000016,0,0,0,0,0,0,0,0,0,0,0,0,0,0,0,0,0,0.530333,0.530333,0,0,0,0,1,0,0,1,1,1,0,1,0,0,0,0,0,{mixture}
0,0.03,0.1,0.01,0.000016,0,0,0,0,0,0,0,0,0,0,0,0,0,0,0,0,0,0.620352,0.620352,0,0,0,0,1,0,0,1,1,1,0,1,0,0,0,0,0,{mixture}
0,0.03,0.1,0.01,0.000016,0,0,0,0,0,0,0,0,0,0,0,0,0,0,0,0,0,0.589041,0.589041,0,0,0,0,1,0,0,1,1,1,0,1,0,0,0,0,0,{mixture}
0,0.03,0.1,0.01,0.000016,0,0,0,0,0,0,0,0,0,0,0,0,0,0,0,0,0,0.634051,0.634051,0,0,0,0,1,0,0,1,1,1,0,1,0,0,0,0,0,{mixture}
0,0.03,0.1,0.01,0.000016,0,0,0,0,0,0,0,0,0,0,0,0,0,0,0,0,0,0.65362,0.65362,0,0,0,0,1,0,0,1,1,1,0,1,0,0,0,0,0,{mixture}
0,0.03,0.1,0.01,0.000016,0,0,0,0,0,0,0,0,0,0,0,0,0,0,0,0,0,0.716243,0.716243,0,0,0,0,1,0,0,1,1,1,0,1,0,0,0,0,0,{mixture}
0,0.03,0.1,0.01,0.000016,0,0,0,0,0,0,0,0,0,0,0,0,0,0,0,0,0,0.704501,0.704501,0,0,0,0,1,0,0,1,1,1,0,1,0,0,0,0,0,{mixture}
0,0.03,0.1,0.01,0.000016,0,0,0,0,0,0,0,0,0,0,0,0,0,0,0,0,0,0.739726,0.739726,0,0,0,0,1,0,0,1,1,1,0,1,0,0,0,0,0,{mixture}
0,0.03,0.1,0.01,0.000016,0,0,0,0,0,0,0,0,0,0,0,0,0,0,0,0,0,0.733855,0.733855,0,0,0,0,1,0,0,1,1,1,0,1,0,0,0,0,0,{mixture}
0,0.03,0.1,0.01,0.000016,0,0,0,0,0,0,0,0,0,0,0,0,0,0,0,0,0,0.765166,0.765166,0,0,0,0,1,0,0,1,1,1,0,1,0,0,0,0,0,{mixture}
0,0.03,0.1,0.01,0.000016,0,0,0,0,0,0,0,0,0,0,0,0,0,0,0,0,0,0.772994,0.772994,0,0,0,0,1,0,0,1,1,1,0,1,0,0,0,0,0,{mixture}
0,0.03,0.1,0.01,0.000016,0,0,0,0,0,0,0,0,0,0,0,0,0,0,0,0,0,0.994129,0.994129,0,0,0,0,1,0,0,1,1,1,0,1,0,0,0,0,0,{mixture}
0.017188,0.03,0.1,0.01,0.000016,0,0,0,0,0,0,0,0,0,0,0,0,0,0,0,0,0,0.984344,0.984344,0,0,0,0,1,0,0,1,1,1,0,1,0,0,0,0,0,{mixture}
0,0.03,0.07,0.01,0,0,0,0,0,0,0,0,0,0,0,0,0,0,0,0,0,0,0.001957,0.001957,0,0,0,0,1,0,0,1,0.003922,0,0.01,0,0,0,0,0,0,{mixture}
0,0.02,0.05,0.01,0.002221,0,0,0,0,0,0,0,0,0,0,0,0,0,0,0,0,0,0.003914,0.003914,0,0,0,0,1,0,0,0.015686,0.007843,0.5,0.5,0.5,0,0,0,0.5,0,{mixture}
0,0.02,0.08,0.01,0,0,0,0,0,0,0,0,0,0,0,0,0,0,0,0,0,0,0.001957,0.001957,0,0,0,0,1,0,0,0.023529,0.007843,0.33,0.5,0.17,0,0,0,0.33,0,{mixture}
0,0.02,0.08,0.01,0,0,0,0,0,0,0,0,0,0,0,0,0,0,0,0,0,0,0.001957,0.001957,0,0,0,0,1,0,0,0.019608,0.003922,0.2,0.6,0.2,0,0,0,0.4,0,{mixture}
0,0.03,0.1,0.01,0.000016,0,0,0,0,0,0,0,0,0,0,0,0,0,0,0,0,0,0.035225,0.035225,0,0,0,0,1,0,0,1,1,1,0,1,0,0,0,0,0,{mixture}
0,0.03,0.1,0.01,0.000016,0,0,0,0,0,0,0,0,0,0,0,0,0,0,0,0,0,0.019569,0.019569,0,0,0,0,1,0,0,1,1,1,0,1,0,0,0,0,0,{mixture}
0,0.03,0.1,0.01,0.000016,0,0,0,0,0,0,0,0,0,0,0,0,0,0,0,0,0,0.048924,0.048924,0,0,0,0,1,0,0,1,1,1,0,1,0,0,0,0,0,{mixture}
0,0.03,0.1,0.01,0.000016,0,0,0,0,0,0,0,0,0,0,0,0,0,0,0,0,0,0.064579,0.064579,0,0,0,0,1,0,0,1,1,1,0,1,0,0,0,0,0,{mixture}
0,0.03,0.1,0.01,0.000016,0,0,0,0,0,0,0,0,0,0,0,0,0,0,0,0,0,0.07045,0.07045,0,0,0,0,1,0,0,1,1,1,0,1,0,0,0,0,0,{mixture}
0,0.03,0.1,0.01,0.000016,0,0,0,0,0,0,0,0,0,0,0,0,0,0,0,0,0,0.127202,0.127202,0,0,0,0,1,0,0,1,1,1,0,1,0,0,0,0,0,{mixture}
0,0.03,0.1,0.01,0.000016,0,0,0,0,0,0,0,0,0,0,0,0,0,0,0,0,0,0.250489,0.250489,0,0,0,0,1,0,0,1,1,1,0,1,0,0,0,0,0,{mixture}
0,0.03,0.1,0.01,0.000016,0,0,0,0,0,0,0,0,0,0,0,0,0,0,0,0,0,0.162427,0.162427,0,0,0,0,1,0,0,1,1,1,0,1,0,0,0,0,0,{mixture}
0,0.03,0.1,0.01,0.000016,0,0,0,0,0,0,0,0,0,0,0,0,0,0,0,0,0,0.2818,0.2818,0,0,0,0,1,0,0,1,1,1,0,1,0,0,0,0,0,{mixture}
0,0.03,0.1,0.01,0.000016,0,0,0,0,0,0,0,0,0,0,0,0,0,0,0,0,0,0.272016,0.272016,0,0,0,0,1,0,0,1,1,1,0,1,0,0,0,0,0,{mixture}
0,0.03,0.1,0.01,0.000016,0,0,0,0,0,0,0,0,0,0,0,0,0,0,0,0,0,0.410959,0.410959,0,0,0,0,1,0,0,1,1,1,0,1,0,0,0,0,0,{mixture}
0,0.03,0.1,0.01,0.000016,0,0,0,0,0,0,0,0,0,0,0,0,0,0,0,0,0,0.358121,0.358121,0,0,0,0,1,0,0,1,1,1,0,1,0,0,0,0,0,{mixture}
0,0.03,0.1,0.01,0.000016,0,0,0,0,0,0,0,0,0,0,0,0,0,0,0,0,0,0.455969,0.455969,0,0,0,0,1,0,0,1,1,1,0,1,0,0,0,0,0,{mixture}
0,0.03,0.1,0.01,0.000016,0,0,0,0,0,0,0,0,0,0,0,0,0,0,0,0,0,0.448141,0.448141,0,0,0,0,1,0,0,1,1,1,0,1,0,0,0,0,0,{mixture}
0,0.03,0.1,0.01,0.000016,0,0,0,0,0,0,0,0,0,0,0,0,0,0,0,0,0,0.469667,0.469667,0,0,0,0,1,0,0,1,1,1,0,1,0,0,0,0,0,{mixture}
0,0.03,0.1,0.01,0.000016,0,0,0,0,0,0,0,0,0,0,0,0,0,0,0,0,0,0.483366,0.483366,0,0,0,0,1,0,0,1,1,1,0,1,0,0,0,0,0,{mixture}
0,0.03,0.1,0.01,0.000016,0,0,0,0,0,0,0,0,0,0,0,0,0,0,0,0,0,0.508806,0.508806,0,0,0,0,1,0,0,1,1,1,0,1,0,0,0,0,0,{mixture}
0,0.03,0.1,0.01,0.000016,0,0,0,0,0,0,0,0,0,0,0,0,0,0,0,0,0,0.499022,0.499022,0,0,0,0,1,0,0,1,1,1,0,1,0,0,0,0,0,{mixture}
0,0.03,0.1,0.01,0.000016,0,0,0,0,0,0,0,0,0,0,0,0,0,0,0,0,0,0.499022,0.499022,0,0,0,0,1,0,0,1,1,1,0,1,0,0,0,0,0,{mixture}
0,0.03,0.1,0.01,0.000016,0,0,0,0,0,0,0,0,0,0,0,0,0,0,0,0,0,0.555773,0.555773,0,0,0,0,1,0,0,1,1,1,0,1,0,0,0,0,0,{mixture}
0,0.03,0.1,0.01,0.000016,0,0,0,0,0,0,0,0,0,0,0,0,0,0,0,0,0,0.581213,0.581213,0,0,0,0,1,0,0,1,1,1,0,1,0,0,0,0,0,{mixture}
0,0.03,0.1,0.01,0.000016,0,0,0,0,0,0,0,0,0,0,0,0,0,0,0,0,0,0.567515,0.567515,0,0,0,0,1,0,0,1,1,1,0,1,0,0,0,0,0,{mixture}
0,0.03,0.1,0.01,0.000016,0,0,0,0,0,0,0,0,0,0,0,0,0,0,0,0,0,0.616438,0.616438,0,0,0,0,1,0,0,1,1,1,0,1,0,0,0,0,0,{mixture}
0,0.03,0.1,0.01,0.000016,0,0,0,0,0,0,0,0,0,0,0,0,0,0,0,0,0,0.60274,0.60274,0,0,0,0,1,0,0,1,1,1,0,1,0,0,0,0,0,{mixture}
0,0.03,0.1,0.01,0.000016,0,0,0,0,0,0,0,0,0,0,0,0,0,0,0,0,0,0.622309,0.622309,0,0,0,0,1,0,0,1,1,1,0,1,0,0,0,0,0,{mixture}
0,0.03,0.1,0.01,0.000016,0,0,0,0,0,0,0,0,0,0,0,0,0,0,0,0,0,0.626223,0.626223,0,0,0,0,1,0,0,1,1,1,0,1,0,0,0,0,0,{mixture}
0,0.03,0.1,0.01,0.000016,0,0,0,0,0,0,0,0,0,0,0,0,0,0,0,0,0,0.688845,0.688845,0,0,0,0,1,0,0,1,1,1,0,1,0,0,0,0,0,{mixture}
0,0.03,0.1,0.01,0.000016,0,0,0,0,0,0,0,0,0,0,0,0,0,0,0,0,0,0.637965,0.637965,0,0,0,0,1,0,0,1,1,1,0,1,0,0,0,0,0,{mixture}
0,0.03,0.1,0.01,0.000016,0,0,0,0,0,0,0,0,0,0,0,0,0,0,0,0,0,0.692759,0.692759,0,0,0,0,1,0,0,1,1,1,0,1,0,0,0,0,0,{mixture}
0,0.03,0.1,0.01,0.000016,0,0,0,0,0,0,0,0,0,0,0,0,0,0,0,0,0,0.706458,0.706458,0,0,0,0,1,0,0,1,1,1,0,1,0,0,0,0,0,{mixture}
0,0.03,0.1,0.01,0.000016,0,0,0,0,0,0,0,0,0,0,0,0,0,0,0,0,0,0.831703,0.831703,0,0,0,0,1,0,0,1,1,1,0,1,0,0,0,0,0,{mixture}
0,0.03,0.1,0.01,0.000016,0,0,0,0,0,0,0,0,0,0,0,0,0,0,0,0,0,0.818004,0.818004,0,0,0,0,1,0,0,1,1,1,0,1,0,0,0,0,0,{mixture}
0,0.03,0.1,0.01,0.000016,0,0,0,0,0,0,0,0,0,0,0,0,0,0,0,0,0,0.898239,0.898239,0,0,0,0,1,0,0,1,1,1,0,1,0,0,0,0,0,{mixture}
0,0.03,0.1,0.01,0.000016,0,0,0,0,0,0,0,0,0,0,0,0,0,0,0,0,0,0.908023,0.908023,0,0,0,0,1,0,0,1,1,1,0,1,0,0,0,0,0,{mixture}
0,0.03,0.1,0.01,0.000016,0,0,0,0,0,0,0,0,0,0,0,0,0,0,0,0,0,0.933464,0.933464,0,0,0,0,1,0,0,1,1,1,0,1,0,0,0,0,0,{mixture}
0,0.03,0.1,0.01,0.000016,0,0,0,0,0,0,0,0,0,0,0,0,0,0,0,0,0,0.939335,0.939335,0,0,0,0,1,0,0,1,1,1,0,1,0,0,0,0,0,{mixture}
0,0.03,0.1,0.01,0.000016,0,0,0,0,0,0,0,0,0,0,0,0,0,0,0,0,0,0.97456,0.97456,0,0,0,0,1,0,0,1,1,1,0,1,0,0,0,0,0,{mixture}
0,0.03,0.1,0.01,0.000016,0,0,0,0,0,0,0,0,0,0,0,0,0,0,0,0,0,0.956947,0.956947,0,0,0,0,1,0,0,1,1,1,0,1,0,0,0,0,0,{mixture}
0,0.01,0.08,0.01,0,0,0,0,0,0,0,0,0,0,0,0,0,0,0,0,0,0,0.001957,0.001957,0,0,0,0,1,0,0,1,0.011765,0.01,0.02,0,0,0,0,0,0,{mixture}
0,0.01,0.08,0.01,0,0,0,0,0,0,0,0,0,0,0,0,0,0,0,0,0,0,0.001957,0.001957,0,0,0,0,1,0,0,1,0.003922,0,0.37,0,0,0,0,0,0,{mixture}
0.003448,0.02,0.12,0.01,0.000893,0.00338,0,0,0,0,0,0,0,0,0,0,0,0,0,0,0,0,0.001957,0.001957,0,0,0,0,1,0,0,1,0.007843,0.01,0.02,0,0,0,0,0,0,{mixture}
0.002322,0.02,0.11,0.01,0.000005,0.000194,0,0,0,0,0,0,0,0,0,0,0,0,0,0,0,0,0.001957,0.001957,0,0,0,0,1,0,0,1,0.007843,0.01,0.02,0,0,0,0,0,0,{mixture}
0,0.03,0.1,0.01,0.000016,0,0,0,0,0,0,0,0,0,0,0,0,0,0,0,0,0,1,1,0,0,0,0,1,0,0,1,1,1,0,1,0,0,0,0,0,{mixture}
0,0.03,0.1,0.01,0.000016,0,0,0,0,0,0,0,0,0,0,0,0,0,0,0,0,0,1,1,0,0,0,0,1,0,0,1,1,1,0,1,0,0,0,0,0,{mixture}
0,0.03,0.1,0.01,0.000016,0,0,0,0,0,0,0,0,0,0,0,0,0,0,0,0,0,0.996086,0.996086,0,0,0,0,1,0,0,1,1,1,0,1,0,0,0,0,0,{mixture}
0,0.03,0.1,0.01,0.000016,0,0,0,0,0,0,0,0,0,0,0,0,0,0,0,0,0,0.994129,0.994129,0,0,0,0,1,0,0,1,1,1,0,1,0,0,0,0,0,{mixture}
0,0.03,0.1,0.01,0.000016,0,0,0,0,0,0,0,0,0,0,0,0,0,0,0,0,0,0.966732,0.966732,0,0,0,0,1,0,0,1,1,1,0,1,0,0,0,0,0,{mixture}
0,0.03,0.1,0.01,0.000016,0,0,0,0,0,0,0,0,0,0,0,0,0,0,0,0,0,0.986301,0.986301,0,0,0,0,1,0,0,1,1,1,0,1,0,0,0,0,0,{mixture}
0,0.03,0.1,0.01,0.000016,0,0,0,0,0,0,0,0,0,0,0,0,0,0,0,0,0,0.023483,0.023483,0,0,0,0,1,0,0,1,1,1,0,1,0,0,0,0,0,{mixture}
0,0.03,0.1,0.01,0.000016,0,0,0,0,0,0,0,0,0,0,0,0,0,0,0,0,0,0.78865,0.78865,0,0,0,0,1,0,0,1,1,1,0,1,0,0,0,0,0,{mixture}
0,0.03,0.1,0.01,0.000016,0,0,0,0,0,0,0,0,0,0,0,0,0,0,0,0,0,0.792564,0.792564,0,0,0,0,1,0,0,1,1,1,0,1,0,0,0,0,0,{mixture}
0,0.03,0.1,0.01,0.000016,0,0,0,0,0,0,0,0,0,0,0,0,0,0,0,0,0,0.043053,0.043053,0,0,0,0,1,0,0,1,1,1,0,1,0,0,0,0,0,{mixture}
0,0.03,0.1,0.01,0.000016,0,0,0,0,0,0,0,0,0,0,0,0,0,0,0,0,0,0.058708,0.058708,0,0,0,0,1,0,0,1,1,1,0,1,0,0,0,0,0,{mixture}
0,0.03,0.1,0.01,0.000016,0,0,0,0,0,0,0,0,0,0,0,0,0,0,0,0,0,0.800391,0.800391,0,0,0,0,1,0,0,1,1,1,0,1,0,0,0,0,0,{mixture}
0,0.03,0.1,0.01,0.000016,0,0,0,0,0,0,0,0,0,0,0,0,0,0,0,0,0,0.990215,0.990215,0,0,0,0,1,0,0,1,1,1,0,1,0,0,0,0,0,{mixture}
0,0.03,0.1,0.01,0.000016,0,0,0,0,0,0,0,0,0,0,0,0,0,0,0,0,0,0.072407,0.072407,0,0,0,0,1,0,0,1,1,1,0,1,0,0,0,0,0,{mixture}
0,0.03,0.1,0.01,0.000016,0,0,0,0,0,0,0,0,0,0,0,0,0,0,0,0,0,0.084149,0.084149,0,0,0,0,1,0,0,1,1,1,0,1,0,0,0,0,0,{mixture}
0,0.03,0.1,0.01,0.000016,0,0,0,0,0,0,0,0,0,0,0,0,0,0,0,0,0,0.111546,0.111546,0,0,0,0,1,0,0,1,1,1,0,1,0,0,0,0,0,{mixture}
0,0.03,0.1,0.01,0.000016,0,0,0,0,0,0,0,0,0,0,0,0,0,0,0,0,0,0.131115,0.131115,0,0,0,0,1,0,0,1,1,1,0,1,0,0,0,0,0,{mixture}
0,0.03,0.1,0.01,0.000016,0,0,0,0,0,0,0,0,0,0,0,0,0,0,0,0,0,0.829746,0.829746,0,0,0,0,1,0,0,1,1,1,0,1,0,0,0,0,0,{mixture}
0,0.03,0.1,0.01,0.000016,0,0,0,0,0,0,0,0,0,0,0,0,0,0,0,0,0,0.227006,0.227006,0,0,0,0,1,0,0,1,1,1,0,1,0,0,0,0,0,{mixture}
0,0.03,0.1,0.01,0.000016,0,0,0,0,0,0,0,0,0,0,0,0,0,0,0,0,0,0.219178,0.219178,0,0,0,0,1,0,0,1,1,1,0,1,0,0,0,0,0,{mixture}
0,0.03,0.1,0.01,0.000016,0,0,0,0,0,0,0,0,0,0,0,0,0,0,0,0,0,0.238748,0.238748,0,0,0,0,1,0,0,1,1,1,0,1,0,0,0,0,0,{mixture}
0,0.03,0.1,0.01,0.000016,0,0,0,0,0,0,0,0,0,0,0,0,0,0,0,0,0,0.886497,0.886497,0,0,0,0,1,0,0,1,1,1,0,1,0,0,0,0,0,{mixture}
0,0.03,0.1,0.01,0.000016,0,0,0,0,0,0,0,0,0,0,0,0,0,0,0,0,0,0.892368,0.892368,0,0,0,0,1,0,0,1,1,1,0,1,0,0,0,0,0,{mixture}
0,0.03,0.1,0.01,0.000016,0,0,0,0,0,0,0,0,0,0,0,0,0,0,0,0,0,0.906067,0.906067,0,0,0,0,1,0,0,1,1,1,0,1,0,0,0,0,0,{mixture}
0,0.03,0.1,0.01,0.000016,0,0,0,0,0,0,0,0,0,0,0,0,0,0,0,0,0,0.268102,0.268102,0,0,0,0,1,0,0,1,1,1,0,1,0,0,0,0,0,{mixture}
0,0.03,0.1,0.01,0.000016,0,0,0,0,0,0,0,0,0,0,0,0,0,0,0,0,0,0.976517,0.976517,0,0,0,0,1,0,0,1,1,1,0,1,0,0,0,0,0,{mixture}
0,0.03,0.1,0.01,0.000016,0,0,0,0,0,0,0,0,0,0,0,0,0,0,0,0,0,0.379648,0.379648,0,0,0,0,1,0,0,1,1,1,0,1,0,0,0,0,0,{mixture}
0,0.03,0.1,0.01,0.000016,0,0,0,0,0,0,0,0,0,0,0,0,0,0,0,0,0,0.420744,0.420744,0,0,0,0,1,0,0,1,1,1,0,1,0,0,0,0,0,{mixture}
0,0.03,0.1,0.01,0.000016,0,0,0,0,0,0,0,0,0,0,0,0,0,0,0,0,0,0.405088,0.405088,0,0,0,0,1,0,0,1,1,1,0,1,0,0,0,0,0,{mixture}
0,0.03,0.1,0.01,0.000016,0,0,0,0,0,0,0,0,0,0,0,0,0,0,0,0,0,0.450098,0.450098,0,0,0,0,1,0,0,1,1,1,0,1,0,0,0,0,0,{mixture}
0,0.03,0.1,0.01,0.000016,0,0,0,0,0,0,0,0,0,0,0,0,0,0,0,0,0,0.452055,0.452055,0,0,0,0,1,0,0,1,1,1,0,1,0,0,0,0,0,{mixture}
0,0.03,0.1,0.01,0.000016,0,0,0,0,0,0,0,0,0,0,0,0,0,0,0,0,0,0.454012,0.454012,0,0,0,0,1,0,0,1,1,1,0,1,0,0,0,0,0,{mixture}
0,0.03,0.1,0.01,0.000016,0,0,0,0,0,0,0,0,0,0,0,0,0,0,0,0,0,0.46184,0.46184,0,0,0,0,1,0,0,1,1,1,0,1,0,0,0,0,0,{mixture}
0,0.03,0.1,0.01,0.000016,0,0,0,0,0,0,0,0,0,0,0,0,0,0,0,0,0,0.530333,0.530333,0,0,0,0,1,0,0,1,1,1,0,1,0,0,0,0,0,{mixture}
0,0.03,0.1,0.01,0.000016,0,0,0,0,0,0,0,0,0,0,0,0,0,0,0,0,0,0.477495,0.477495,0,0,0,0,1,0,0,1,1,1,0,1,0,0,0,0,0,{mixture}
0,0.03,0.1,0.01,0.000016,0,0,0,0,0,0,0,0,0,0,0,0,0,0,0,0,0,0.589041,0.589041,0,0,0,0,1,0,0,1,1,1,0,1,0,0,0,0,0,{mixture}
0,0.03,0.1,0.01,0.000016,0,0,0,0,0,0,0,0,0,0,0,0,0,0,0,0,0,0.620352,0.620352,0,0,0,0,1,0,0,1,1,1,0,1,0,0,0,0,0,{mixture}
0,0.03,0.1,0.01,0.000016,0,0,0,0,0,0,0,0,0,0,0,0,0,0,0,0,0,0.634051,0.634051,0,0,0,0,1,0,0,1,1,1,0,1,0,0,0,0,0,{mixture}
0,0.03,0.1,0.01,0.000016,0,0,0,0,0,0,0,0,0,0,0,0,0,0,0,0,0,0.65362,0.65362,0,0,0,0,1,0,0,1,1,1,0,1,0,0,0,0,0,{mixture}
0,0.03,0.1,0.01,0.000016,0,0,0,0,0,0,0,0,0,0,0,0,0,0,0,0,0,0.716243,0.716243,0,0,0,0,1,0,0,1,1,1,0,1,0,0,0,0,0,{mixture}
0,0.03,0.1,0.01,0.000016,0,0,0,0,0,0,0,0,0,0,0,0,0,0,0,0,0,0.704501,0.704501,0,0,0,0,1,0,0,1,1,1,0,1,0,0,0,0,0,{mixture}
0,0.03,0.1,0.01,0.000016,0,0,0,0,0,0,0,0,0,0,0,0,0,0,0,0,0,0.733855,0.733855,0,0,0,0,1,0,0,1,1,1,0,1,0,0,0,0,0,{mixture}
0,0.03,0.1,0.01,0.000016,0,0,0,0,0,0,0,0,0,0,0,0,0,0,0,0,0,0.739726,0.739726,0,0,0,0,1,0,0,1,1,1,0,1,0,0,0,0,0,{mixture}
0,0.03,0.1,0.01,0.000016,0,0,0,0,0,0,0,0,0,0,0,0,0,0,0,0,0,0.772994,0.772994,0,0,0,0,1,0,0,1,1,1,0,1,0,0,0,0,0,{mixture}
0,0.03,0.1,0.01,0.000016,0,0,0,0,0,0,0,0,0,0,0,0,0,0,0,0,0,0.765166,0.765166,0,0,0,0,1,0,0,1,1,1,0,1,0,0,0,0,0,{mixture}
0,0.03,0.1,0.01,0.000016,0,0,0,0,0,0,0,0,0,0,0,0,0,0,0,0,0,0.992172,0.992172,0,0,0,0,1,0,0,1,1,1,0,1,0,0,0,0,0,{mixture}
0,0.02,0.12,0.03,0.00002,0.00216,0,0,0,0,0,0,0,0,0,0,0,0,0,0,0,0,0.001957,0.001957,0,0,0,0,1,0,0,0.003922,0.278431,1,0,1,1,0,0,0,0,{mixture}
0,0.02,0.05,0.01,0.000008,0,0,0,0,0,0,0,0,0,0,0,0,0,0,0,0,0,0.003914,0.003914,0,0,0,0,1,0,0,0.015686,0.007843,0.5,0.5,0.5,0,0,0,0.5,0,{mixture}
0,0.02,0.08,0.01,0,0,0,0,0,0,0,0,0,0,0,0,0,0,0,0,0,0,0.001957,0.001957,0,0,0,0,1,0,0,0.023529,0.007843,0.33,0.5,0.17,0,0,0,0.33,0,{mixture}
0,0.02,0.08,0.01,0,0,0,0,0,0,0,0,0,0,0,0,0,0,0,0,0,0,0.001957,0.001957,0,0,0,0,1,0,0,0.019608,0.003922,0.2,0.6,0.2,0,0,0,0.4,0,{mixture}
0,0.03,0.1,0.01,0.000016,0,0,0,0,0,0,0,0,0,0,0,0,0,0,0,0,0,0.035225,0.035225,0,0,0,0,1,0,0,1,1,1,0,1,0,0,0,0,0,{mixture}
0,0.03,0.1,0.01,0.000016,0,0,0,0,0,0,0,0,0,0,0,0,0,0,0,0,0,0.019569,0.019569,0,0,0,0,1,0,0,1,1,1,0,1,0,0,0,0,0,{mixture}
0,0.03,0.1,0.01,0.000016,0,0,0,0,0,0,0,0,0,0,0,0,0,0,0,0,0,0.064579,0.064579,0,0,0,0,1,0,0,1,1,1,0,1,0,0,0,0,0,{mixture}
0,0.03,0.1,0.01,0.000016,0,0,0,0,0,0,0,0,0,0,0,0,0,0,0,0,0,0.048924,0.048924,0,0,0,0,1,0,0,1,1,1,0,1,0,0,0,0,0,{mixture}
0,0.03,0.1,0.01,0.000016,0,0,0,0,0,0,0,0,0,0,0,0,0,0,0,0,0,0.07045,0.07045,0,0,0,0,1,0,0,1,1,1,0,1,0,0,0,0,0,{mixture}
0,0.03,0.1,0.01,0.000016,0,0,0,0,0,0,0,0,0,0,0,0,0,0,0,0,0,0.127202,0.127202,0,0,0,0,1,0,0,1,1,1,0,1,0,0,0,0,0,{mixture}
0,0.03,0.1,0.01,0.000016,0,0,0,0,0,0,0,0,0,0,0,0,0,0,0,0,0,0.250489,0.250489,0,0,0,0,1,0,0,1,1,1,0,1,0,0,0,0,0,{mixture}
0,0.03,0.1,0.01,0.000016,0,0,0,0,0,0,0,0,0,0,0,0,0,0,0,0,0,0.162427,0.162427,0,0,0,0,1,0,0,1,1,1,0,1,0,0,0,0,0,{mixture}
0,0.03,0.1,0.01,0.000016,0,0,0,0,0,0,0,0,0,0,0,0,0,0,0,0,0,0.2818,0.2818,0,0,0,0,1,0,0,1,1,1,0,1,0,0,0,0,0,{mixture}
0,0.03,0.1,0.01,0.000016,0,0,0,0,0,0,0,0,0,0,0,0,0,0,0,0,0,0.272016,0.272016,0,0,0,0,1,0,0,1,1,1,0,1,0,0,0,0,0,{mixture}
0,0.03,0.1,0.01,0.000016,0,0,0,0,0,0,0,0,0,0,0,0,0,0,0,0,0,0.410959,0.410959,0,0,0,0,1,0,0,1,1,1,0,1,0,0,0,0,0,{mixture}
0,0.03,0.1,0.01,0.000016,0,0,0,0,0,0,0,0,0,0,0,0,0,0,0,0,0,0.358121,0.358121,0,0,0,0,1,0,0,1,1,1,0,1,0,0,0,0,0,{mixture}
0,0.03,0.1,0.01,0.000016,0,0,0,0,0,0,0,0,0,0,0,0,0,0,0,0,0,0.455969,0.455969,0,0,0,0,1,0,0,1,1,1,0,1,0,0,0,0,0,{mixture}
0,0.03,0.1,0.01,0.000016,0,0,0,0,0,0,0,0,0,0,0,0,0,0,0,0,0,0.448141,0.448141,0,0,0,0,1,0,0,1,1,1,0,1,0,0,0,0,0,{mixture}
0,0.03,0.1,0.01,0.000016,0,0,0,0,0,0,0,0,0,0,0,0,0,0,0,0,0,0.469667,0.469667,0,0,0,0,1,0,0,1,1,1,0,1,0,0,0,0,0,{mixture}
0,0.03,0.1,0.01,0.000016,0,0,0,0,0,0,0,0,0,0,0,0,0,0,0,0,0,0.483366,0.483366,0,0,0,0,1,0,0,1,1,1,0,1,0,0,0,0,0,{mixture}
0,0.03,0.1,0.01,0.000016,0,0,0,0,0,0,0,0,0,0,0,0,0,0,0,0,0,0.499022,0.499022,0,0,0,0,1,0,0,1,1,1,0,1,0,0,0,0,0,{mixture}
0,0.03,0.1,0.01,0.000016,0,0,0,0,0,0,0,0,0,0,0,0,0,0,0,0,0,0.508806,0.508806,0,0,0,0,1,0,0,1,1,1,0,1,0,0,0,0,0,{mixture}
0,0.03,0.1,0.01,0.000016,0,0,0,0,0,0,0,0,0,0,0,0,0,0,0,0,0,0.508806,0.508806,0,0,0,0,1,0,0,1,1,1,0,1,0,0,0,0,0,{mixture}
0,0.03,0.1,0.01,0.000016,0,0,0,0,0,0,0,0,0,0,0,0,0,0,0,0,0,0.53816,0.53816,0,0,0,0,1,0,0,1,1,1,0,1,0,0,0,0,0,{mixture}
0,0.03,0.1,0.01,0.000016,0,0,0,0,0,0,0,0,0,0,0,0,0,0,0,0,0,0.581213,0.581213,0,0,0,0,1,0,0,1,1,1,0,1,0,0,0,0,0,{mixture}
0,0.03,0.1,0.01,0.000016,0,0,0,0,0,0,0,0,0,0,0,0,0,0,0,0,0,0.567515,0.567515,0,0,0,0,1,0,0,1,1,1,0,1,0,0,0,0,0,{mixture}
0,0.03,0.1,0.01,0.000016,0,0,0,0,0,0,0,0,0,0,0,0,0,0,0,0,0,0.616438,0.616438,0,0,0,0,1,0,0,1,1,1,0,1,0,0,0,0,0,{mixture}
0,0.03,0.1,0.01,0.000016,0,0,0,0,0,0,0,0,0,0,0,0,0,0,0,0,0,0.60274,0.60274,0,0,0,0,1,0,0,1,1,1,0,1,0,0,0,0,0,{mixture}
0,0.03,0.1,0.01,0.000016,0,0,0,0,0,0,0,0,0,0,0,0,0,0,0,0,0,0.626223,0.626223,0,0,0,0,1,0,0,1,1,1,0,1,0,0,0,0,0,{mixture}
0,0.03,0.1,0.01,0.000016,0,0,0,0,0,0,0,0,0,0,0,0,0,0,0,0,0,0.622309,0.622309,0,0,0,0,1,0,0,1,1,1,0,1,0,0,0,0,0,{mixture}
0,0.03,0.1,0.01,0.000016,0,0,0,0,0,0,0,0,0,0,0,0,0,0,0,0,0,0.637965,0.637965,0,0,0,0,1,0,0,1,1,1,0,1,0,0,0,0,0,{mixture}
0,0.03,0.1,0.01,0.000016,0,0,0,0,0,0,0,0,0,0,0,0,0,0,0,0,0,0.688845,0.688845,0,0,0,0,1,0,0,1,1,1,0,1,0,0,0,0,0,{mixture}
0,0.03,0.1,0.01,0.000016,0,0,0,0,0,0,0,0,0,0,0,0,0,0,0,0,0,0.706458,0.706458,0,0,0,0,1,0,0,1,1,1,0,1,0,0,0,0,0,{mixture}
0,0.03,0.1,0.01,0.000016,0,0,0,0,0,0,0,0,0,0,0,0,0,0,0,0,0,0.692759,0.692759,0,0,0,0,1,0,0,1,1,1,0,1,0,0,0,0,0,{mixture}
0,0.03,0.1,0.01,0.000016,0,0,0,0,0,0,0,0,0,0,0,0,0,0,0,0,0,0.76908,0.76908,0,0,0,0,1,0,0,1,1,1,0,1,0,0,0,0,0,{mixture}
0,0.03,0.1,0.01,0.000016,0,0,0,0,0,0,0,0,0,0,0,0,0,0,0,0,0,0.741683,0.741683,0,0,0,0,1,0,0,1,1,1,0,1,0,0,0,0,0,{mixture}
0,0.03,0.1,0.01,0.000016,0,0,0,0,0,0,0,0,0,0,0,0,0,0,0,0,0,0.818004,0.818004,0,0,0,0,1,0,0,1,1,1,0,1,0,0,0,0,0,{mixture}
0,0.03,0.1,0.01,0.000016,0,0,0,0,0,0,0,0,0,0,0,0,0,0,0,0,0,0.831703,0.831703,0,0,0,0,1,0,0,1,1,1,0,1,0,0,0,0,0,{mixture}
0,0.03,0.1,0.01,0.000016,0,0,0,0,0,0,0,0,0,0,0,0,0,0,0,0,0,0.908023,0.908023,0,0,0,0,1,0,0,1,1,1,0,1,0,0,0,0,0,{mixture}
0,0.03,0.1,0.01,0.000016,0,0,0,0,0,0,0,0,0,0,0,0,0,0,0,0,0,0.898239,0.898239,0,0,0,0,1,0,0,1,1,1,0,1,0,0,0,0,0,{mixture}
0,0.03,0.1,0.01,0.000016,0,0,0,0,0,0,0,0,0,0,0,0,0,0,0,0,0,0.939335,0.939335,0,0,0,0,1,0,0,1,1,1,0,1,0,0,0,0,0,{mixture}
0,0.03,0.1,0.01,0.000016,0,0,0,0,0,0,0,0,0,0,0,0,0,0,0,0,0,0.933464,0.933464,0,0,0,0,1,0,0,1,1,1,0,1,0,0,0,0,0,{mixture}
0,0.03,0.1,0.01,0.000016,0,0,0,0,0,0,0,0,0,0,0,0,0,0,0,0,0,0.956947,0.956947,0,0,0,0,1,0,0,1,1,1,0,1,0,0,0,0,0,{mixture}
0,0.03,0.1,0.01,0.000016,0,0,0,0,0,0,0,0,0,0,0,0,0,0,0,0,0,0.97456,0.97456,0,0,0,0,1,0,0,1,1,1,0,1,0,0,0,0,0,{mixture}
0,0.03,0.07,0.01,0,0,0,0,0,0,0,0,0,0,0,0,0,0,0,0,0,0,1,1,0,0,0,0,1,0,0,1,1,1,0,1,0,0,0,0,0,{mixture}
0.000208,0.02,0.16,0.01,0.000002,0.000058,0,0,0,0,1,0,0,0,0,0,0,0,0,0,0,0,0.001957,0.001957,0,0,0,0,1,0,0,1,0.007843,0.01,0.02,0,0,0,0,0,0,{mixture}
0,0.01,0.08,0.01,0,0,0,0,0,0,0,0,0,0,0,0,0,0,0,0,0,0,0.001957,0.001957,0,0,0,0,1,0,0,1,0.082353,0.08,0.02,0,0,0,0,0,0,{mixture}
0.003448,0.02,0.12,0.01,0.000893,0.00338,0,0,0,0,0,0,0,0,0,0,0,0,0,0,0,0,0.001957,0.001957,0,0,0,0,1,0,0,1,0.007843,0.01,0.02,0,0,0,0,0,0,{mixture}
0,0.03,0.1,0.01,0.000016,0,0,0,0,0,0,0,0,0,0,0,0,0,0,0,0,0,0.998043,0.998043,0,0,0,0,1,0,0,1,1,1,0,1,0,0,0,0,0,{mixture}
0,0.03,0.1,0.01,0.000016,0,0,0,0,0,0,0,0,0,0,0,0,0,0,0,0,0,1,1,0,0,0,0,1,0,0,1,1,1,0,1,0,0,0,0,0,{mixture}
0,0.03,0.1,0.01,0.000016,0,0,0,0,0,0,0,0,0,0,0,0,0,0,0,0,0,0.994129,0.994129,0,0,0,0,1,0,0,1,1,1,0,1,0,0,0,0,0,{mixture}
0,0.03,0.1,0.01,0.000016,0,0,0,0,0,0,0,0,0,0,0,0,0,0,0,0,0,0.996086,0.996086,0,0,0,0,1,0,0,1,1,1,0,1,0,0,0,0,0,{mixture}
0,0.03,0.1,0.01,0.000016,0,0,0,0,0,0,0,0,0,0,0,0,0,0,0,0,0,0.966732,0.966732,0,0,0,0,1,0,0,1,1,1,0,1,0,0,0,0,0,{mixture}
0,0.03,0.1,0.01,0.000016,0,0,0,0,0,0,0,0,0,0,0,0,0,0,0,0,0,0.986301,0.986301,0,0,0,0,1,0,0,1,1,1,0,1,0,0,0,0,0,{mixture}
0,0.03,0.1,0.01,0.000016,0,0,0,0,0,0,0,0,0,0,0,0,0,0,0,0,0,0.78865,0.78865,0,0,0,0,1,0,0,1,1,1,0,1,0,0,0,0,0,{mixture}
0,0.03,0.1,0.01,0.000016,0,0,0,0,0,0,0,0,0,0,0,0,0,0,0,0,0,0.023483,0.023483,0,0,0,0,1,0,0,1,1,1,0,1,0,0,0,0,0,{mixture}
0,0.03,0.1,0.01,0.000016,0,0,0,0,0,0,0,0,0,0,0,0,0,0,0,0,0,0.792564,0.792564,0,0,0,0,1,0,0,1,1,1,0,1,0,0,0,0,0,{mixture}
0,0.03,0.1,0.01,0.000016,0,0,0,0,0,0,0,0,0,0,0,0,0,0,0,0,0,0.043053,0.043053,0,0,0,0,1,0,0,1,1,1,0,1,0,0,0,0,0,{mixture}
0,0.03,0.1,0.01,0.000016,0,0,0,0,0,0,0,0,0,0,0,0,0,0,0,0,0,0.058708,0.058708,0,0,0,0,1,0,0,1,1,1,0,1,0,0,0,0,0,{mixture}
0,0.03,0.1,0.01,0.000016,0,0,0,0,0,0,0,0,0,0,0,0,0,0,0,0,0,0.800391,0.800391,0,0,0,0,1,0,0,1,1,1,0,1,0,0,0,0,0,{mixture}
0,0.03,0.1,0.01,0.000016,0,0,0,0,0,0,0,0,0,0,0,0,0,0,0,0,0,0.990215,0.990215,0,0,0,0,1,0,0,1,1,1,0,1,0,0,0,0,0,{mixture}
0,0.03,0.1,0.01,0.000016,0,0,0,0,0,0,0,0,0,0,0,0,0,0,0,0,0,0.072407,0.072407,0,0,0,0,1,0,0,1,1,1,0,1,0,0,0,0,0,{mixture}
0,0.03,0.1,0.01,0.000016,0,0,0,0,0,0,0,0,0,0,0,0,0,0,0,0,0,0.111546,0.111546,0,0,0,0,1,0,0,1,1,1,0,1,0,0,0,0,0,{mixture}
0,0.03,0.1,0.01,0.000016,0,0,0,0,0,0,0,0,0,0,0,0,0,0,0,0,0,0.084149,0.084149,0,0,0,0,1,0,0,1,1,1,0,1,0,0,0,0,0,{mixture}
0,0.03,0.1,0.01,0.000016,0,0,0,0,0,0,0,0,0,0,0,0,0,0,0,0,0,0.829746,0.829746,0,0,0,0,1,0,0,1,1,1,0,1,0,0,0,0,0,{mixture}
0,0.03,0.1,0.01,0.000016,0,0,0,0,0,0,0,0,0,0,0,0,0,0,0,0,0,0.131115,0.131115,0,0,0,0,1,0,0,1,1,1,0,1,0,0,0,0,0,{mixture}
0,0.03,0.1,0.01,0.000016,0,0,0,0,0,0,0,0,0,0,0,0,0,0,0,0,0,0.876712,0.876712,0,0,0,0,1,0,0,1,1,1,0,1,0,0,0,0,0,{mixture}
0,0.03,0.1,0.01,0.000016,0,0,0,0,0,0,0,0,0,0,0,0,0,0,0,0,0,0.213307,0.213307,0,0,0,0,1,0,0,1,1,1,0,1,0,0,0,0,0,{mixture}
0,0.03,0.1,0.01,0.000016,0,0,0,0,0,0,0,0,0,0,0,0,0,0,0,0,0,0.219178,0.219178,0,0,0,0,1,0,0,1,1,1,0,1,0,0,0,0,0,{mixture}
0,0.03,0.1,0.01,0.000016,0,0,0,0,0,0,0,0,0,0,0,0,0,0,0,0,0,0.227006,0.227006,0,0,0,0,1,0,0,1,1,1,0,1,0,0,0,0,0,{mixture}
0,0.03,0.1,0.01,0.000016,0,0,0,0,0,0,0,0,0,0,0,0,0,0,0,0,0,0.886497,0.886497,0,0,0,0,1,0,0,1,1,1,0,1,0,0,0,0,0,{mixture}
0,0.03,0.1,0.01,0.000016,0,0,0,0,0,0,0,0,0,0,0,0,0,0,0,0,0,0.238748,0.238748,0,0,0,0,1,0,0,1,1,1,0,1,0,0,0,0,0,{mixture}
0,0.03,0.1,0.01,0.000016,0,0,0,0,0,0,0,0,0,0,0,0,0,0,0,0,0,0.892368,0.892368,0,0,0,0,1,0,0,1,1,1,0,1,0,0,0,0,0,{mixture}
0,0.03,0.1,0.01,0.000016,0,0,0,0,0,0,0,0,0,0,0,0,0,0,0,0,0,0.268102,0.268102,0,0,0,0,1,0,0,1,1,1,0,1,0,0,0,0,0,{mixture}
0,0.03,0.1,0.01,0.000016,0,0,0,0,0,0,0,0,0,0,0,0,0,0,0,0,0,0.906067,0.906067,0,0,0,0,1,0,0,1,1,1,0,1,0,0,0,0,0,{mixture}
0,0.03,0.1,0.01,0.000016,0,0,0,0,0,0,0,0,0,0,0,0,0,0,0,0,0,0.976517,0.976517,0,0,0,0,1,0,0,1,1,1,0,1,0,0,0,0,0,{mixture}
0,0.03,0.1,0.01,0.000016,0,0,0,0,0,0,0,0,0,0,0,0,0,0,0,0,0,0.379648,0.379648,0,0,0,0,1,0,0,1,1,1,0,1,0,0,0,0,0,{mixture}
0,0.03,0.1,0.01,0.000016,0,0,0,0,0,0,0,0,0,0,0,0,0,0,0,0,0,0.420744,0.420744,0,0,0,0,1,0,0,1,1,1,0,1,0,0,0,0,0,{mixture}
0,0.03,0.1,0.01,0.000016,0,0,0,0,0,0,0,0,0,0,0,0,0,0,0,0,0,0.405088,0.405088,0,0,0,0,1,0,0,1,1,1,0,1,0,0,0,0,0,{mixture}
0,0.03,0.1,0.01,0.000016,0,0,0,0,0,0,0,0,0,0,0,0,0,0,0,0,0,0.446184,0.446184,0,0,0,0,1,0,0,1,1,1,0,1,0,0,0,0,0,{mixture}
0,0.03,0.1,0.01,0.000016,0,0,0,0,0,0,0,0,0,0,0,0,0,0,0,0,0,0.428571,0.428571,0,0,0,0,1,0,0,1,1,1,0,1,0,0,0,0,0,{mixture}
0,0.03,0.1,0.01,0.000016,0,0,0,0,0,0,0,0,0,0,0,0,0,0,0,0,0,0.452055,0.452055,0,0,0,0,1,0,0,1,1,1,0,1,0,0,0,0,0,{mixture}
0,0.03,0.1,0.01,0.000016,0,0,0,0,0,0,0,0,0,0,0,0,0,0,0,0,0,0.450098,0.450098,0,0,0,0,1,0,0,1,1,1,0,1,0,0,0,0,0,{mixture}
0,0.03,0.1,0.01,0.000016,0,0,0,0,0,0,0,0,0,0,0,0,0,0,0,0,0,0.46184,0.46184,0,0,0,0,1,0,0,1,1,1,0,1,0,0,0,0,0,{mixture}
0,0.03,0.1,0.01,0.000016,0,0,0,0,0,0,0,0,0,0,0,0,0,0,0,0,0,0.454012,0.454012,0,0,0,0,1,0,0,1,1,1,0,1,0,0,0,0,0,{mixture}
0,0.03,0.1,0.01,0.000016,0,0,0,0,0,0,0,0,0,0,0,0,0,0,0,0,0,0.530333,0.530333,0,0,0,0,1,0,0,1,1,1,0,1,0,0,0,0,0,{mixture}
0,0.03,0.1,0.01,0.000016,0,0,0,0,0,0,0,0,0,0,0,0,0,0,0,0,0,0.477495,0.477495,0,0,0,0,1,0,0,1,1,1,0,1,0,0,0,0,0,{mixture}
0,0.03,0.1,0.01,0.000016,0,0,0,0,0,0,0,0,0,0,0,0,0,0,0,0,0,0.620352,0.620352,0,0,0,0,1,0,0,1,1,1,0,1,0,0,0,0,0,{mixture}
0,0.03,0.1,0.01,0.000016,0,0,0,0,0,0,0,0,0,0,0,0,0,0,0,0,0,0.589041,0.589041,0,0,0,0,1,0,0,1,1,1,0,1,0,0,0,0,0,{mixture}
0,0.03,0.1,0.01,0.000016,0,0,0,0,0,0,0,0,0,0,0,0,0,0,0,0,0,0.634051,0.634051,0,0,0,0,1,0,0,1,1,1,0,1,0,0,0,0,0,{mixture}
0,0.03,0.1,0.01,0.000016,0,0,0,0,0,0,0,0,0,0,0,0,0,0,0,0,0,0.65362,0.65362,0,0,0,0,1,0,0,1,1,1,0,1,0,0,0,0,0,{mixture}
0,0.03,0.1,0.01,0.000016,0,0,0,0,0,0,0,0,0,0,0,0,0,0,0,0,0,0.716243,0.716243,0,0,0,0,1,0,0,1,1,1,0,1,0,0,0,0,0,{mixture}
0,0.03,0.1,0.01,0.000016,0,0,0,0,0,0,0,0,0,0,0,0,0,0,0,0,0,0.704501,0.704501,0,0,0,0,1,0,0,1,1,1,0,1,0,0,0,0,0,{mixture}
0,0.03,0.1,0.01,0.000016,0,0,0,0,0,0,0,0,0,0,0,0,0,0,0,0,0,0.739726,0.739726,0,0,0,0,1,0,0,1,1,1,0,1,0,0,0,0,0,{mixture}
0,0.03,0.1,0.01,0.000016,0,0,0,0,0,0,0,0,0,0,0,0,0,0,0,0,0,0.733855,0.733855,0,0,0,0,1,0,0,1,1,1,0,1,0,0,0,0,0,{mixture}
0,0.03,0.1,0.01,0.000016,0,0,0,0,0,0,0,0,0,0,0,0,0,0,0,0,0,0.772994,0.772994,0,0,0,0,1,0,0,1,1,1,0,1,0,0,0,0,0,{mixture}
0,0.03,0.1,0.01,0.000016,0,0,0,0,0,0,0,0,0,0,0,0,0,0,0,0,0,0.765166,0.765166,0,0,0,0,1,0,0,1,1,1,0,1,0,0,0,0,0,{mixture}
0,0.03,0.1,0.01,0.000016,0,0,0,0,0,0,0,0,0,0,0,0,0,0,0,0,0,0.992172,0.992172,0,0,0,0,1,0,0,1,1,1,0,1,0,0,0,0,0,{mixture}
0,0.03,0.1,0.01,0.000016,0,0,0,0,0,0,0,0,0,0,0,0,0,0,0,0,0,0.984344,0.984344,0,0,0,0,1,0,0,1,1,1,0,1,0,0,0,0,0,{mixture}
0,0.03,0.07,0.01,0,0,0,0,0,0,0,0,0,0,0,0,0,0,0,0,0,0,0.001957,0.001957,0,0,0,0,1,0,0,1,0.003922,0,0.01,0,0,0,0,0,0,{mixture}
0,0.02,0.12,0.03,0.00002,0.00216,0,0,0,0,0,0,0,0,0,0,0,0,0,0,0,0,0.001957,0.001957,0,0,0,0,1,0,0,0.003922,0.278431,1,0,1,1,0,0,0,0,{mixture}
0,0.02,0.05,0.01,0.000008,0,0,0,0,0,0,0,0,0,0,0,0,0,0,0,0,0,0.003914,0.003914,0,0,0,0,1,0,0,0.015686,0.007843,0.5,0.5,0.5,0,0,0,0.5,0,{mixture}
0,0.02,0.08,0.01,0,0,0,0,0,0,0,0,0,0,0,0,0,0,0,0,0,0,0.001957,0.001957,0,0,0,0,1,0,0,0.023529,0.007843,0.33,0.5,0.17,0,0,0,0.33,0,{mixture}
0,0.02,0.08,0.01,0,0,0,0,0,0,0,0,0,0,0,0,0,0,0,0,0,0,0.001957,0.001957,0,0,0,0,1,0,0,0.019608,0.003922,0.2,0.6,0.2,0,0,0,0.4,0,{mixture}
0,0.03,0.1,0.01,0.000016,0,0,0,0,0,0,0,0,0,0,0,0,0,0,0,0,0,0.035225,0.035225,0,0,0,0,1,0,0,1,1,1,0,1,0,0,0,0,0,{mixture}
0,0.03,0.1,0.01,0.000016,0,0,0,0,0,0,0,0,0,0,0,0,0,0,0,0,0,0.019569,0.019569,0,0,0,0,1,0,0,1,1,1,0,1,0,0,0,0,0,{mixture}
0,0.03,0.1,0.01,0.000016,0,0,0,0,0,0,0,0,0,0,0,0,0,0,0,0,0,0.048924,0.048924,0,0,0,0,1,0,0,1,1,1,0,1,0,0,0,0,0,{mixture}
0,0.03,0.1,0.01,0.000016,0,0,0,0,0,0,0,0,0,0,0,0,0,0,0,0,0,0.064579,0.064579,0,0,0,0,1,0,0,1,1,1,0,1,0,0,0,0,0,{mixture}
0,0.03,0.1,0.01,0.000016,0,0,0,0,0,0,0,0,0,0,0,0,0,0,0,0,0,0.07045,0.07045,0,0,0,0,1,0,0,1,1,1,0,1,0,0,0,0,0,{mixture}
0,0.03,0.1,0.01,0.000016,0,0,0,0,0,0,0,0,0,0,0,0,0,0,0,0,0,0.162427,0.162427,0,0,0,0,1,0,0,1,1,1,0,1,0,0,0,0,0,{mixture}
0,0.03,0.1,0.01,0.000016,0,0,0,0,0,0,0,0,0,0,0,0,0,0,0,0,0,0.250489,0.250489,0,0,0,0,1,0,0,1,1,1,0,1,0,0,0,0,0,{mixture}
0,0.03,0.1,0.01,0.000016,0,0,0,0,0,0,0,0,0,0,0,0,0,0,0,0,0,0.2818,0.2818,0,0,0,0,1,0,0,1,1,1,0,1,0,0,0,0,0,{mixture}
0,0.03,0.1,0.01,0.000016,0,0,0,0,0,0,0,0,0,0,0,0,0,0,0,0,0,0.272016,0.272016,0,0,0,0,1,0,0,1,1,1,0,1,0,0,0,0,0,{mixture}
0,0.03,0.1,0.01,0.000016,0,0,0,0,0,0,0,0,0,0,0,0,0,0,0,0,0,0.358121,0.358121,0,0,0,0,1,0,0,1,1,1,0,1,0,0,0,0,0,{mixture}
0,0.03,0.1,0.01,0.000016,0,0,0,0,0,0,0,0,0,0,0,0,0,0,0,0,0,0.410959,0.410959,0,0,0,0,1,0,0,1,1,1,0,1,0,0,0,0,0,{mixture}
0,0.03,0.1,0.01,0.000016,0,0,0,0,0,0,0,0,0,0,0,0,0,0,0,0,0,0.448141,0.448141,0,0,0,0,1,0,0,1,1,1,0,1,0,0,0,0,0,{mixture}
0,0.03,0.1,0.01,0.000016,0,0,0,0,0,0,0,0,0,0,0,0,0,0,0,0,0,0.455969,0.455969,0,0,0,0,1,0,0,1,1,1,0,1,0,0,0,0,0,{mixture}
0,0.03,0.1,0.01,0.000016,0,0,0,0,0,0,0,0,0,0,0,0,0,0,0,0,0,0.469667,0.469667,0,0,0,0,1,0,0,1,1,1,0,1,0,0,0,0,0,{mixture}
0,0.03,0.1,0.01,0.000016,0,0,0,0,0,0,0,0,0,0,0,0,0,0,0,0,0,0.483366,0.483366,0,0,0,0,1,0,0,1,1,1,0,1,0,0,0,0,0,{mixture}
0,0.03,0.1,0.01,0.000016,0,0,0,0,0,0,0,0,0,0,0,0,0,0,0,0,0,0.508806,0.508806,0,0,0,0,1,0,0,1,1,1,0,1,0,0,0,0,0,{mixture}
0,0.03,0.1,0.01,0.000016,0,0,0,0,0,0,0,0,0,0,0,0,0,0,0,0,0,0.499022,0.499022,0,0,0,0,1,0,0,1,1,1,0,1,0,0,0,0,0,{mixture}
0,0.03,0.1,0.01,0.000016,0,0,0,0,0,0,0,0,0,0,0,0,0,0,0,0,0,0.499022,0.499022,0,0,0,0,1,0,0,1,1,1,0,1,0,0,0,0,0,{mixture}
0,0.03,0.1,0.01,0.000016,0,0,0,0,0,0,0,0,0,0,0,0,0,0,0,0,0,0.53816,0.53816,0,0,0,0,1,0,0,1,1,1,0,1,0,0,0,0,0,{mixture}
0,0.03,0.1,0.01,0.000016,0,0,0,0,0,0,0,0,0,0,0,0,0,0,0,0,0,0.567515,0.567515,0,0,0,0,1,0,0,1,1,1,0,1,0,0,0,0,0,{mixture}
0,0.03,0.1,0.01,0.000016,0,0,0,0,0,0,0,0,0,0,0,0,0,0,0,0,0,0.581213,0.581213,0,0,0,0,1,0,0,1,1,1,0,1,0,0,0,0,0,{mixture}
0,0.03,0.1,0.01,0.000016,0,0,0,0,0,0,0,0,0,0,0,0,0,0,0,0,0,0.616438,0.616438,0,0,0,0,1,0,0,1,1,1,0,1,0,0,0,0,0,{mixture}
0,0.03,0.1,0.01,0.000016,0,0,0,0,0,0,0,0,0,0,0,0,0,0,0,0,0,0.60274,0.60274,0,0,0,0,1,0,0,1,1,1,0,1,0,0,0,0,0,{mixture}
0,0.03,0.1,0.01,0.000016,0,0,0,0,0,0,0,0,0,0,0,0,0,0,0,0,0,0.626223,0.626223,0,0,0,0,1,0,0,1,1,1,0,1,0,0,0,0,0,{mixture}
0,0.03,0.1,0.01,0.000016,0,0,0,0,0,0,0,0,0,0,0,0,0,0,0,0,0,0.622309,0.622309,0,0,0,0,1,0,0,1,1,1,0,1,0,0,0,0,0,{mixture}
0,0.03,0.1,0.01,0.000016,0,0,0,0,0,0,0,0,0,0,0,0,0,0,0,0,0,0.688845,0.688845,0,0,0,0,1,0,0,1,1,1,0,1,0,0,0,0,0,{mixture}
0,0.03,0.1,0.01,0.000016,0,0,0,0,0,0,0,0,0,0,0,0,0,0,0,0,0,0.637965,0.637965,0,0,0,0,1,0,0,1,1,1,0,1,0,0,0,0,0,{mixture}
0,0.03,0.1,0.01,0.000016,0,0,0,0,0,0,0,0,0,0,0,0,0,0,0,0,0,0.692759,0.692759,0,0,0,0,1,0,0,1,1,1,0,1,0,0,0,0,0,{mixture}
0,0.03,0.1,0.01,0.000016,0,0,0,0,0,0,0,0,0,0,0,0,0,0,0,0,0,0.706458,0.706458,0,0,0,0,1,0,0,1,1,1,0,1,0,0,0,0,0,{mixture}
0,0.03,0.1,0.01,0.000016,0,0,0,0,0,0,0,0,0,0,0,0,0,0,0,0,0,0.76908,0.76908,0,0,0,0,1,0,0,1,1,1,0,1,0,0,0,0,0,{mixture}
0,0.03,0.1,0.01,0.000016,0,0,0,0,0,0,0,0,0,0,0,0,0,0,0,0,0,0.741683,0.741683,0,0,0,0,1,0,0,1,1,1,0,1,0,0,0,0,0,{mixture}
0,0.03,0.1,0.01,0.000016,0,0,0,0,0,0,0,0,0,0,0,0,0,0,0,0,0,0.831703,0.831703,0,0,0,0,1,0,0,1,1,1,0,1,0,0,0,0,0,{mixture}
0,0.03,0.1,0.01,0.000016,0,0,0,0,0,0,0,0,0,0,0,0,0,0,0,0,0,0.818004,0.818004,0,0,0,0,1,0,0,1,1,1,0,1,0,0,0,0,0,{mixture}
0,0.03,0.1,0.01,0.000016,0,0,0,0,0,0,0,0,0,0,0,0,0,0,0,0,0,0.898239,0.898239,0,0,0,0,1,0,0,1,1,1,0,1,0,0,0,0,0,{mixture}
0,0.03,0.1,0.01,0.000016,0,0,0,0,0,0,0,0,0,0,0,0,0,0,0,0,0,0.908023,0.908023,0,0,0,0,1,0,0,1,1,1,0,1,0,0,0,0,0,{mixture}
0,0.03,0.1,0.01,0.000016,0,0,0,0,0,0,0,0,0,0,0,0,0,0,0,0,0,0.933464,0.933464,0,0,0,0,1,0,0,1,1,1,0,1,0,0,0,0,0,{mixture}
0,0.03,0.1,0.01,0.000016,0,0,0,0,0,0,0,0,0,0,0,0,0,0,0,0,0,0.939335,0.939335,0,0,0,0,1,0,0,1,1,1,0,1,0,0,0,0,0,{mixture}
0,0.03,0.1,0.01,0.000016,0,0,0,0,0,0,0,0,0,0,0,0,0,0,0,0,0,0.97456,0.97456,0,0,0,0,1,0,0,1,1,1,0,1,0,0,0,0,0,{mixture}
0,0.03,0.1,0.01,0.000016,0,0,0,0,0,0,0,0,0,0,0,0,0,0,0,0,0,0.956947,0.956947,0,0,0,0,1,0,0,1,1,1,0,1,0,0,0,0,0,{mixture}
0,0.03,0.07,0.01,0.000016,0,0,0,0,0,0,0,0,0,0,0,0,0,0,0,0,0,1,1,0,0,0,0,1,0,0,1,1,1,0,1,0,0,0,0,0,{mixture}
0.000208,0.02,0.16,0.01,0.000002,0.000058,0,0,0,0,1,0,0,0,0,0,0,0,0,0,0,0,0.001957,0.001957,0,0,0,0,1,0,0,1,0.007843,0.01,0.02,0,0,0,0,0,0,{mixture}
0,0.01,0.08,0.01,0,0,0,0,0,0,0,0,0,0,0,0,0,0,0,0,0,0,0.001957,0.001957,0,0,0,0,1,0,0,1,0.011765,0.01,0.02,0,0,0,0,0,0,{mixture}
0,0.01,0.08,0.01,0,0,0,0,0,0,0,0,0,0,0,0,0,0,0,0,0,0,0.001957,0.001957,0,0,0,0,1,0,0,1,0.082353,0,0.37,0,0,0,0,0,0,{mixture}
