0,udp,domain_u,SF,0,0,0,0,0,0,0,0,0,0,0,0,0,0,0,0,0,0,0.003914,0.001957,0,0,0,0,0.5,1,0,0.039216,0.011765,0.3,0.3,0.3,0,0,0,0,0,normal.,null,null
0,tcp,ftp_data,SF,0.000012,0,0,0,0,0,0,0,0,0,0,0,0,0,0,0,0,0,0.003914,0.003914,0,0,0,0,1,0,0,0.301961,0.129412,0.34,0.08,0.34,0.06,0,0,0,0,normal.,null,null
0,tcp,ftp_data,SF,0.00056,0,0,0,0,0,0,0,0,0,0,0,0,0,0,0,0,0,0.019569,0.019569,0,0,0,0,1,0,0,0.360784,0.172549,0.43,0.07,0.43,0.05,0,0,0,0,normal.,null,null
0,tcp,ftp_data,SF,0.000133,0,0,0,0,0,0,0,0,0,0,0,0,0,0,0,0,0,0.039139,0.039139,0,0,0,0,1,0,0,0.403922,0.211765,0.49,0.06,0.49,0.04,0,0,0,0,normal.,null,null
0.000347,tcp,ftp,SF,0.000004,0.000147,0,0,0,0.039604,0,1,0,0,0,0,0,0,0,0,0,1,0.003914,0.001957,0,0,0,0,0.5,1,0,0.701961,0.188235,0.27,0.04,0.01,0,0.01,0.02,0.02,0,normal.,null,null
0,tcp,ftp_data,SF,0.00001,0,0,0,0,0,0,0,0,0,0,0,0,0,0,0,0,0,0.003914,0.001957,0,0,0,0,0.5,1,0,0.682353,0.219608,0.32,0.03,0.32,0,0,0,0,0,normal.,null,null
0,tcp,ftp_data,SF,0.000014,0,0,0,0,0,0,0,0,0,0,0,0,0,0,0,0,0,0.003914,0.003914,0,0,0,0,1,0,0,0.054902,0.152941,0.43,0.14,0.43,0.05,0,0,0,0,normal.,null,null
0,tcp,ftp_data,SF,0.000014,0,0,0,0,0,0,0,0,0,0,0,0,0,0,0,0,0,0.019569,0.019569,0,0,0,0,1,0,0,0.094118,0.192157,0.67,0.08,0.67,0.04,0,0,0,0,normal.,null,null
0,icmp,eco_i,SF,0,0,0,0,0,0,0,0,0,0,0,0,0,0,0,0,0,0,0.003914,0.003914,0,0,0,0,1,0,0,1,0.011765,0.01,0.01,0.01,0,0,0,0,0,normal.,null,null
0,tcp,other,SF,0.000019,0,0,0,0,0,0,0,0,0,0,0,0,0,0,0,0,0,0.017613,0.001957,0,0,0,0,0.11,0.56,0,0.098039,0.003922,0.04,0.4,0.76,0,0,0,0,0,normal.,null,null
0,tcp,ftp_data,SF,0.000004,0,0,0,0,0,0,0,0,0,0,0,0,0,0,0,0,0,0.003914,0.003914,0,0,0,0,1,0,0,0.035294,0.14902,0.33,0.22,0.33,0.08,0,0,0.11,0,normal.,null,null
0.000485,tcp,ftp,SF,0.000014,0.000497,0,0,0,0.178218,0,1,0,0,0,0,0,0,0,0,0,1,0.001957,0.001957,0,0,0,0,1,0,0,0.156863,0.015686,0.1,0.43,0.03,0,0.03,0,0,0,normal.,null,null
0,tcp,ftp_data,SF,0.00025,0,0,0,0,0,0,0,0,0,0,0,0,0,0,0,0,0,0.001957,0.001957,0,0,0,0,1,0,0,0.07451,0.184314,0.63,0.11,0.63,0.06,0,0,0.05,0,normal.,null,null
0,tcp,ftp_data,SF,0.000002,0,0,0,0,0,0,0,0,0,0,0,0,0,0,0,0,0,0.021526,0.021526,0,0,0,0,1,0,0,0.113725,0.211765,0.76,0.07,0.76,0.06,0,0,0.03,0,normal.,null,null
0,tcp,smtp,SF,0.000035,0.000092,0,0,0,0,0,1,0,0,0,0,0,0,0,0,0,0,0.001957,0.001957,0,0,0,0,1,0,0,1,0.023529,0.02,0.02,0,0,0,0,0,0,normal.,null,null
0,tcp,auth,SF,0,0.000007,0,0,0,0,0,0,0,0,0,0,0,0,0,0,0,0,0.001957,0.001957,0,0,0,0,1,0,0,0.14902,0.003922,0.03,0.11,0.03,0,0,0,0.13,0,normal.,null,null
0,tcp,ftp_data,SF,0.000003,0,0,0,0,0,0,0,0,0,0,0,0,0,0,0,0,0,0.003914,0.003914,0,0,0,0,1,0,0,0.270588,0.278431,0.33,0.26,0.52,0.03,0.01,0.01,0,0,normal.,null,null
0,icmp,ecr_i,SF,0,0,0,0,0,0,0,0,0,0,0,0,0,0,0,0,0,0,0.003914,0.003914,0,0,0,0,1,0,0,0.294118,0.294118,1,0,1,0,0,0,0,0,normal.,null,null
0,tcp,ftp_data,SF,0.000003,0,0,0,0,0,0,0,0,0,0,0,0,0,0,0,0,0,0.003914,0.003914,0,0,0,0,1,0,0,0.168627,0.05098,0.3,0.09,0.3,0,0,0,0.05,0,normal.,null,null
0.10661,tcp,IRC,RSTR,0.000014,0.001304,0,0,0,0,0,0,0,0,0,0,0,0,0,0,0,0,0.001957,0.001957,0,0,1,1,1,0,0,0.047059,0.015686,0.33,0.17,0.08,0,0,0,0.33,1,normal.,null,null
0,tcp,X11,S1,0.004553,0.0737,0,0,0,0,0,0,0,0,0,0,0,0,0,0,0,0,0.001957,0.001957,1,1,0,0,1,0,0,0.207843,0.003922,0.02,0.11,0.02,0,0.02,1,0.09,0,normal.,null,null
0,udp,domain_u,SF,0,0,0,0,0,0,0,0,0,0,0,0,0,0,0,0,0,0,0.003914,0.001957,0,0,0,0,0.5,1,0,0.152941,0.027451,0.18,0.08,0.18,0,0,0,0.08,0,normal.,null,null
0,tcp,ftp_data,SF,0.000012,0,0,0,0,0,0,0,0,0,0,0,0,0,0,0,0,0,0.003914,0.003914,0,0,0,0,1,0,0,0.137255,0.254902,0.06,0.11,0.06,0.03,0,0,0,0,normal.,null,null
0,tcp,ftp_data,SF,0.00025,0,0,0,0,0,0,0,0,0,0,0,0,0,0,0,0,0,0.003914,0.003914,0,0,0,0,1,0,0,0.160784,0.278431,0.2,0.1,0.2,0.03,0,0,0,0,normal.,null,null
0,tcp,finger,SF,0,0.000005,0,0,0,0,0,0,0,0,0,0,0,0,0,0,0,0,0.001957,0.001957,0,0,0,0,1,0,0,0.219608,0.031373,0.14,0.11,0.02,0,0.02,0,0.09,0,normal.,null,null
0,tcp,time,SF,0,0.000001,0,0,0,0,0,0,0,0,0,0,0,0,0,0,0,0,0.001957,0.001957,0,0,0,0,1,0,0,0.023529,0.023529,1,0,0.17,0,0,0,0,0,normal.,null,null
0,tcp,smtp,SF,0.000019,0.000077,0,0,0,0,0,1,0,0,0,0,0,0,0,0,0,0,0.001957,0.007828,0,0,0,0,1,0,1,1,0.019608,0.02,0.37,0,0,0,0,0,0,normal.,null,null
0,tcp,ftp_data,SF,0.000004,0,0,0,0,0,0,0,0,0,0,0,0,0,0,0,0,0,0.003914,0.003914,0,0,0,0,1,0,0,0.345098,0.062745,0.14,0.06,0.14,0.12,0,0,0.03,0,normal.,null,null
0,tcp,ftp_data,SF,0.00014,0,0,0,0,0,0,0,0,0,0,0,0,0,0,0,0,0,0.015656,0.015656,0,0,0,0,1,0,0,0.364706,0.145098,0.23,0.05,0.23,0.05,0,0,0,0,normal.,null,null
0.01225,tcp,domain,SF,0.000025,0,0,0,0,0,0,0,0,0,0,0,0,0,0,0,0,0,0.001957,0.001957,0,0,0,0,1,0,0,1,0.003922,0,0.02,0,0,0,0,0,0,named.,null,null
0.012181,tcp,X11,SF,0.00091,0.006837,0,0,0,0,0,0,0,0,0,0,0,0,0,0,0,0,0.001957,0.001957,0,0,0,0,1,0,0,0.003922,0.003922,1,0,1,0,0,0,0,0,named.,null,null
0.000399,tcp,ftp,SF,0.000005,0.000174,0,0,0,0.049505,0,1,0,0,0,0,0,0,0,0,0,1,0.001957,0.001957,0,0,0,0,1,0,0,0.607843,0.12549,0.21,0.12,0.01,0,0.01,0,0,0,normal.,null,null
0,icmp,ecr_i,SF,0,0,0,0,0,0,0,0,0,0,0,0,0,0,0,0,0,0,0.003914,0.003914,0,0,0,0,1,0,0,0.384314,0.384314,1,0,1,0,0,0,0,0,normal.,null,null
0,tcp,ftp_data,SF,0.000002,0,0,0,0,0,0,0,0,0,0,0,0,0,0,0,0,0,0.015656,0.015656,0,0,0,0,1,0,0,0.556863,0.2,0.3,0.03,0.3,0.04,0,0,0,0,normal.,null,null
0,tcp,time,SF,0,0.000001,0,0,0,0,0,0,0,0,0,0,0,0,0,0,0,0,0.001957,0.001957,0,0,0,0,1,0,0,0.058824,0.058824,1,0,0.07,0,0,0,0,0,normal.,null,null
0,tcp,auth,REJ,0,0,0,0,0,0,0,0,0,0,0,0,0,0,0,0,0,0,0.001957,0.001957,0,0,1,1,1,0,0,1,0.003922,0,1,0,0,0,0,0.99,1,normal.,null,null
0.000087,tcp,telnet,SF,0.000003,0.000741,0,0,0,0,0,1,0,0,0,0,0,0,0,0,0,0,0.001957,0.001957,0,0,0,0,1,0,0,0.619608,0.07451,0.12,0.04,0.01,0,0.01,0,0,0,normal.,null,null
0,tcp,ftp_data,SF,0.000246,0,0,0,0,0,0,0,0,0,0,0,0,0,0,0,0,0,0.001957,0.001957,0,0,0,0,1,0,0,0.831373,0.211765,0.24,0.03,0.24,0.04,0,0,0.01,0,normal.,null,null
0.003448,tcp,X11,SF,0.000893,0.00338,0,0,0,0,0,0,0,0,0,0,0,0,0,0,0,0,0.001957,0.001957,0,0,0,0,1,0,0,1,0.003922,0,0.01,0,0,0,0,0,0,xlock.,null,null
0,tcp,smtp,SF,0.000024,0.000075,0,0,0,0,0,1,0,0,0,0,0,0,0,0,0,0,0.001957,0.001957,0,0,0,0,1,0,0,1,0.043137,0.04,0.96,0,0,0,0,0.95,0.09,normal.,null,null
0.007502,tcp,X11,SF,0.503705,0.039936,0,0,0,0,0,0,0,0,0,0,0,0,0,0,0,0,0.001957,0.001957,0,0,0,0,1,0,0,1,0.007843,0.01,0.02,0,0,0,0,0,0,xlock.,null,null
0,udp,domain_u,SF,0.000001,0.000008,0,0,0,0,0,0,0,0,0,0,0,0,0,0,0,0,0.009785,0.009785,0,0,0,0,1,0,0,0.129412,0.905882,0.55,0.06,0.55,0.01,0.03,0,0.36,0,normal.,null,null
0,tcp,ftp_data,SF,0.000001,0,0,0,0,0,0,0,0,0,0,0,0,0,0,0,0,0,0.001957,0.001957,0,0,0,0,1,0,0,1,0.023529,0.02,0.92,0.02,0,0,0,0.92,0,normal.,null,null
0.000017,tcp,auth,SF,0,0.000007,0,0,0,0,0,0,0,0,0,0,0,0,0,0,0,0,0.001957,0.003914,0,0,0,0,1,0,1,1,0.035294,0.04,0.05,0,0,0,0,0,0,normal.,null,null
0.003916,tcp,telnet,SF,0.000008,0.011633,0,0,0,0,0,1,0.001256,0,0,0.001139,0,0,0,0,0,0,0.001957,0.001957,0,0,0,0,1,0,0,1,0.007843,0.01,0.02,0,0,0,0,0,0,xlock.,null,null
0.002322,tcp,IRC,SF,0.000005,0.000194,0,0,0,0,0,0,0,0,0,0,0,0,0,0,0,0,0.001957,0.001957,0,0,0,0,1,0,0,0.152941,0.066667,0.44,0.05,0.03,0,0.03,0.06,0.33,0.76,xlock.,null,null
0.000295,tcp,IRC,SF,0.000002,0.000211,0,0,0,0,0,0,0,0,0,0,0,0,0,0,0,0,0.001957,0.001957,0,0,0,0,1,0,0,0.156863,0.070588,0.45,0.05,0.03,0,0.03,0.06,0.32,0.72,normal.,null,null
0,icmp,ecr_i,SF,0,0,0,0,0,0,0,0,0,0,0,0,0,0,0,0,0,0,0.001957,0.001957,0,0,0,0,1,0,0,0.470588,0.470588,1,0,1,0,0,0,0,0,normal.,null,null
0,tcp,ftp_data,SF,0.00025,0,0,0,0,0,0,0,0,0,0,0,0,0,0,0,0,0,0.013699,0.013699,0,0,0,0,1,0,0,0.878431,0.141176,0.16,0.03,0.16,0,0,0,0.01,0,normal.,null,null
0,tcp,ftp_data,SF,0.000122,0,0,0,0,0,0,0,0,0,0,0,0,0,0,0,0,0,0.003914,0.005871,0,0,0,0,1,0,0.67,0.792157,0.215686,0.27,0.02,0.27,0,0,0,0,0,normal.,null,null
0,icmp,eco_i,SF,0,0,0,0,0,0,0,0,0,0,0,0,0,0,0,0,0,0,0.005871,0.001957,0,0,0,0,0.33,0.67,0,1,0.007843,0.01,0.01,0.01,0,0,0,0,0,normal.,null,null
0.00428,tcp,X11,SF,0.0201,0.00304,0,0,0,0,0,0,0,0,0,0,0,0,0,0,0,0,0.001957,0.001957,0,0,0,0,1,0,0,1,0.003922,0,0.71,0,0,0,0,0.69,0,xlock.,null,null
0,tcp,auth,SF,0,0.000007,0,0,0,0,0,0,0,0,0,0,0,0,0,0,0,0,0.001957,0.001957,0,0,0,0,1,0,0,0.909804,0.027451,0.03,0.03,0,0.29,0,0,0.01,0,normal.,null,null
0,tcp,auth,SF,0,0.000007,0,0,0,0,0,0,0,0,0,0,0,0,0,0,0,0,0.001957,0.001957,0,0,0,0,1,0,0,0.007843,0.019608,1,0,0.5,0.4,0,0,0,0,normal.,null,null
0,udp,domain_u,SF,0.000001,0.000022,0,0,0,0,0,0,0,0,0,0,0,0,0,0,0,0,0.001957,0.011742,0,0,0,0,1,0,0.33,0.05098,0.039216,0.77,0.15,0.08,0,0,0,0,0,normal.,null,null
0,tcp,ftp_data,SF,0.000003,0,0,0,0,0,0,0,0,0,0,0,0,0,0,0,0,0,0.003914,0.003914,0,0,0,0,1,0,0,0.007843,0.007843,1,0,1,0,0,0,0,0,normal.,null,null
0.000381,tcp,ftp_data,SF,0.00011,0,0,0,0,0,0,0,0,0,0,0,0,0,0,0,0,0,0.001957,0.001957,0,0,0,0,1,0,0,0.015686,0.015686,1,0,1,0,0,0,0,0,normal.,null,null
0,udp,domain_u,SF,0.000001,0.000021,0,0,0,0,0,0,0,0,0,0,0,0,0,0,0,0,0.001957,0.001957,0,0,0,0,1,0,0,0.160784,0.090196,0.56,0.05,0.02,0,0,0,0,0,normal.,null,null
0.017188,udp,other,SF,0.000002,0.00002,0,0,0,0,0,0,0,0,0,0,0,0,0,0,0,0,0.001957,0.001957,0,0,0,0,1,0,0,0.035294,0.015686,0.44,0.44,1,0,0,0,0,0,snmpgetattack.,null,null
0,udp,domain_u,SF,0.000001,0.000022,0,0,0,0,0,0,0,0,0,0,0,0,0,0,0,0,0.001957,0.001957,0,0,0,0,1,0,0,0.168627,0.094118,0.56,0.05,0.02,0,0,0,0,0,normal.,null,null
0.001923,tcp,telnet,SF,0.000005,0.029269,0,0,0,0,0,1,0.012563,0,0,0.009112,0,0,0.25,0,0,0,0.001957,0.001957,0,0,0,0,1,0,0,1,0.003922,0,0.01,0,0,0,0,0,0,xlock.,null,null
0,tcp,http,SF,0.000004,0.00043,0,0,0,0,0,1,0,0,0,0,0,0,0,0,0,0,0.013699,0.013699,0,0,0,0,1,0,0,1,0.035294,0.04,0.01,0,0,0,0,0,0,normal.,null,null
0,tcp,http,SF,0.000004,0.001069,0,0,0,0,0,1,0,0,0,0,0,0,0,0,0,0,0.011742,0.011742,0,0,0,0,1,0,0,1,0.058824,0.06,0.01,0,0,0,0,0,0,normal.,null,null
0,icmp,eco_i,SF,0,0,0,0,0,0,0,0,0,0,0,0,0,0,0,0,0,0,0.001957,0.001957,0,0,0,0,1,0,0,0.003922,0.003922,1,0,1,0,0,0,0,0,ipsweep.,null,null
0.001196,tcp,telnet,SF,0.000005,0.000531,0,0,0,0,0,1,0,0,0,0,0.03,0.4,0,0,0,0,0.001957,0.001957,0,0,0,0,1,0,0,1,0.003922,0,0.01,0,0,0,0,0,0,multihop.,null,null
0,icmp,eco_i,SF,0,0,0,0,0,0,0,0,0,0,0,0,0,0,0,0,0,0,0.001957,0.001957,0,0,0,0,1,0,0,0.003922,0.007843,1,0,1,1,0,0,0,0,ipsweep.,null,null
0,udp,domain_u,SF,0.000001,0.000008,0,0,0,0,0,0,0,0,0,0,0,0,0,0,0,0,0.003914,0.017613,0,0,0,0,1,0,0.33,0.278431,0.176471,0.63,0.04,0.03,0,0,0,0,0,normal.,null,null
0,tcp,http,SF,0.000004,0.000052,0,0,0,0,0,1,0,0,0,0,0,0,0,0,0,0,0.003914,0.003914,0,0,0,0,1,0,0,1,0.078431,0.08,0.01,0,0,0,0,0,0,normal.,null,null
0,tcp,smtp,SF,0.000018,0.000063,0,0,0,0,0,1,0,0,0,0,0,0,0,0,0,0,0.001957,0.001957,0,0,0,0,1,0,0,0.258824,0.015686,0.06,0.11,0.02,0,0,0,0,0,normal.,null,null
0,udp,domain_u,SF,0.000001,0.000008,0,0,0,0,0,0,0,0,0,0,0,0,0,0,0,0,0.005871,0.017613,0,0,0,0,1,0,0.33,0.298039,0.184314,0.62,0.05,0.01,0,0,0,0,0,normal.,null,null
0,tcp,X11,S1,0.00002,0.00216,0,0,0,0,0,0,0,0,0,0,0,0,0,0,0,0,0.001957,0.001957,1,1,0,0,1,0,0,1,0.003922,0,0.02,0,0,0,1,0,0,xsnoop.,null,null
0,tcp,http,SF,0.000003,0.000886,0,0,0,0,0,1,0,0,0,0,0,0,0,0,0,0,0.001957,0.001957,0,0,0,0,1,0,0,1,0.082353,0.08,0.02,0,0,0,0,0,0,normal.,null,null
0,icmp,eco_i,SF,0,0,0,0,0,0,0,0,0,0,0,0,0,0,0,0,0,0,0.001957,0.001957,0,0,0,0,1,0,0,0.003922,0.278431,1,0,1,1,0,0,0,0,ipsweep.,null,null
0,icmp,eco_i,SF,0,0,0,0,0,0,0,0,0,0,0,0,0,0,0,0,0,0,0.001957,0.001957,0,0,0,0,1,0,0,0.003922,0.305882,1,0,1,1,0,0,0,0,ipsweep.,null,null
0,icmp,eco_i,SF,0,0,0,0,0,0,0,0,0,0,0,0,0,0,0,0,0,0,0.001957,0.001957,0,0,0,0,1,0,0,0.003922,0.035294,1,0,1,1,0,0,0,0,ipsweep.,null,null
0.000866,tcp,telnet,SF,0.000004,0.000503,0,0,0,0.009901,0,1,0,1,0,0.005695,0.01,0.2,0.25,0,1,0,0.001957,0.001957,0,0,0,0,1,0,0,1,0.007843,0.01,0.02,0,0,0,0,0,0,xsnoop.,null,null
0,icmp,eco_i,SF,0,0,0,0,0,0,0,0,0,0,0,0,0,0,0,0,0,0,0.001957,0.001957,0,0,0,0,1,0,0,0.003922,0.047059,1,0,1,1,0,0,0,0,ipsweep.,null,null
0,icmp,eco_i,SF,0,0,0,0,0,0,0,0,0,0,0,0,0,0,0,0,0,0,0.001957,0.001957,0,0,0,0,1,0,0,0.003922,0.094118,1,0,1,1,0,0,0,0,ipsweep.,null,null
0,icmp,eco_i,SF,0,0,0,0,0,0,0,0,0,0,0,0,0,0,0,0,0,0,0.001957,0.001957,0,0,0,0,1,0,0,0.003922,0.105882,1,0,1,1,0,0,0,0,ipsweep.,null,null
0,icmp,eco_i,SF,0,0,0,0,0,0,0,0,0,0,0,0,0,0,0,0,0,0,0.001957,0.001957,0,0,0,0,1,0,0,0.003922,0.113725,1,0,1,1,0,0,0,0,ipsweep.,null,null
0,udp,domain_u,SF,0.000001,0.000008,0,0,0,0,0,0,0,0,0,0,0,0,0,0,0,0,0.021526,0.035225,0,0,0,0,1,0,0.17,0.4,0.247059,0.62,0.04,0.01,0,0,0,0,0,normal.,null,null
0,icmp,eco_i,SF,0,0,0,0,0,0,0,0,0,0,0,0,0,0,0,0,0,0,0.001957,0.001957,0,0,0,0,1,0,0,0.003922,0.164706,1,0,1,1,0,0,0,0,ipsweep.,null,null
0,icmp,eco_i,SF,0,0,0,0,0,0,0,0,0,0,0,0,0,0,0,0,0,0,0.001957,0.001957,0,0,0,0,1,0,0,0.003922,0.192157,1,0,1,1,0,0,0,0,ipsweep.,null,null
0,udp,domain_u,SF,0.000001,0.000008,0,0,0,0,0,0,0,0,0,0,0,0,0,0,0,0,0.013699,0.021526,0,0,0,0,1,0,0.18,0.431373,0.266667,0.62,0.04,0.01,0,0,0,0,0,normal.,null,null
0,icmp,eco_i,SF,0,0,0,0,0,0,0,0,0,0,0,0,0,0,0,0,0,0,0.001957,0.001957,0,0,0,0,1,0,0,0.003922,0.066667,1,0,1,1,0,0,0,0,ipsweep.,null,null
0,icmp,eco_i,SF,0,0,0,0,0,0,0,0,0,0,0,0,0,0,0,0,0,0,0.001957,0.001957,0,0,0,0,1,0,0,0.003922,0.078431,1,0,1,1,0,0,0,0,ipsweep.,null,null
0,icmp,eco_i,SF,0,0,0,0,0,0,0,0,0,0,0,0,0,0,0,0,0,0,0.001957,0.001957,0,0,0,0,1,0,0,0.003922,0.086275,1,0,1,1,0,0,0,0,ipsweep.,null,null
0.048202,udp,other,SF,0.000002,0.00002,0,0,0,0,0,0,0,0,0,0,0,0,0,0,0,0,0.001957,0.001957,0,0,0,0,1,0,0,0.192157,0.023529,0.12,0.08,1,0,0,0,0,0,snmpgetattack.,null,null
0,udp,domain_u,SF,0.000001,0.000008,0,0,0,0,0,0,0,0,0,0,0,0,0,0,0,0,0.003914,0.005871,0,0,0,0,1,0,0.67,0.490196,0.321569,0.66,0.03,0.01,0,0,0,0,0,normal.,null,null
0,icmp,eco_i,SF,0,0,0,0,0,0,0,0,0,0,0,0,0,0,0,0,0,0,0.001957,0.001957,0,0,0,0,1,0,0,0.003922,0.019608,1,0,1,1,0,0,0,0,ipsweep.,null,null
0,icmp,eco_i,SF,0,0,0,0,0,0,0,0,0,0,0,0,0,0,0,0,0,0,0.001957,0.001957,0,0,0,0,1,0,0,0.003922,0.031373,1,0,1,1,0,0,0,0,ipsweep.,null,null
0,udp,domain_u,SF,0.000001,0.000008,0,0,0,0,0,0,0,0,0,0,0,0,0,0,0,0,0.017613,0.02544,0,0,0,0,1,0,0.15,0.521569,0.352941,0.68,0.03,0.02,0,0,0,0,0,normal.,null,null
0,tcp,smtp,SF,0.000031,0.000074,0,0,0,0,0,1,0,0,0,0,0,0,0,0,0,0,0.001957,0.003914,0,0,0,0,1,0,1,1,0.011765,0.01,0.02,0,0,0,0,0.01,0,normal.,null,null
0,icmp,eco_i,SF,0,0,0,0,0,0,0,0,0,0,0,0,0,0,0,0,0,0,0.001957,0.001957,0,0,0,0,1,0,0,0.003922,0.070588,1,0,1,1,0,0,0,0,ipsweep.,null,null
0,icmp,eco_i,SF,0,0,0,0,0,0,0,0,0,0,0,0,0,0,0,0,0,0,0.001957,0.001957,0,0,0,0,1,0,0,0.003922,0.152941,1,0,1,1,0,0,0,0,ipsweep.,null,null
0,icmp,eco_i,SF,0,0,0,0,0,0,0,0,0,0,0,0,0,0,0,0,0,0,0.001957,0.001957,0,0,0,0,1,0,0,0.003922,0.160784,1,0,1,1,0,0,0,0,ipsweep.,null,null
0,tcp,smtp,SF,0.000029,0.000077,0,0,0,0,0,1,0,0,0,0,0,0,0,0,0,0,0.001957,0.005871,0,0,0,0,1,0,1,1,0.015686,0.02,0.02,0,0,0,0,0.01,0,normal.,null,null
0,icmp,eco_i,SF,0,0,0,0,0,0,0,0,0,0,0,0,0,0,0,0,0,0,0.001957,0.001957,0,0,0,0,1,0,0,0.003922,0.043137,1,0,1,1,0,0,0,0,ipsweep.,null,null
0,icmp,eco_i,SF,0,0,0,0,0,0,0,0,0,0,0,0,0,0,0,0,0,0,0.001957,0.001957,0,0,0,0,1,0,0,0.003922,0.015686,1,0,1,1,0,0,0,0,ipsweep.,null,null
0,tcp,domain,REJ,0,0,0,0,0,0,0,0,0,0,0,0,0,0,0,0,0,0,0.001957,0.001957,0,0,1,1,1,0,0,0.003922,0.003922,1,0,1,0,0,0,1,1,named.,null,null
0.015577,tcp,domain,RSTO,0.000025,0,0,0,0,0,0,0,0,0,0,0,0,0,0,0,0,0,0.001957,0.001957,0,0,1,1,1,0,0,0.007843,0.007843,1,0,0.5,0,0,0,1,1,named.,null,null
0.004799,tcp,X11,SF,0.000982,0.007035,0,0,0,0,0,0,0,0,0,0,0,0,0,0,0,0,0.001957,0.001957,0,0,0,0,1,0,0,0.027451,0.003922,0.14,0.29,0.14,0,0,0,0,0,named.,null,null
0.000381,tcp,ftp,SF,0.000002,0.000111,0,0,0,0.019802,0,1,0,0,0,0,0,0,0,0,1,0,0.001957,0.001957,0,0,0,0,1,0,0,0.031373,0.003922,0.12,0.38,0.12,0,0,0,0,0,named.,null,null
0,tcp,auth,SF,0,0.000007,0,0,0,0,0,0,0,0,0,0,0,0,0,0,0,0,0.001957,0.001957,0,0,0,0,1,0,0,0.160784,0.019608,0.05,0.41,0.02,0.4,0.02,0,0,0,normal.,null,null
0,tcp,ftp_data,SF,0.002221,0,0,0,0,0,0,0,0,0,0,0,0,0,0,0,0,0,0.001957,0.001957,0,0,0,0,1,0,0,0.011765,0.003922,0.33,0.67,0.33,0,0,0,0.67,0,named.,null,null
0,tcp,ftp_data,SF,0.000008,0,0,0,0,0,0,0,0,0,0,0,0,0,0,0,0,0,0.003914,0.003914,0,0,0,0,1,0,0,0.015686,0.007843,0.5,0.5,0.5,0,0,0,0.5,0,named.,null,null
0,icmp,eco_i,SF,0,0,0,0,0,0,0,0,0,0,0,0,0,0,0,0,0,0,0.001957,0.001957,0,0,0,0,1,0,0,0.003922,0.180392,1,0,1,1,0,0,0,0,ipsweep.,null,null
0,icmp,eco_i,SF,0,0,0,0,0,0,0,0,0,0,0,0,0,0,0,0,0,0,0.001957,0.001957,0,0,0,0,1,0,0,0.003922,0.211765,1,0,1,1,0,0,0,0,ipsweep.,null,null
0,icmp,eco_i,SF,0,0,0,0,0,0,0,0,0,0,0,0,0,0,0,0,0,0,0.001957,0.001957,0,0,0,0,1,0,0,0.003922,0.227451,1,0,1,1,0,0,0,0,ipsweep.,null,null
0,icmp,eco_i,SF,0,0,0,0,0,0,0,0,0,0,0,0,0,0,0,0,0,0,0.001957,0.001957,0,0,0,0,1,0,0,0.003922,0.321569,1,0,1,1,0,0,0,0,ipsweep.,null,null
0,icmp,eco_i,SF,0,0,0,0,0,0,0,0,0,0,0,0,0,0,0,0,0,0,0.001957,0.001957,0,0,0,0,1,0,0,0.003922,0.2,1,0,1,1,0,0,0,0,ipsweep.,null,null
0,tcp,ftp_data,SF,0.000003,0,0,0,0,0,0,0,0,0,0,0,0,0,0,0,0,0,0.003914,0.005871,0,0,0,0,1,0,0.67,0.043137,0.294118,0.36,0.27,0.36,0.03,0,0,0,0,normal.,null,null
0,icmp,eco_i,SF,0,0,0,0,0,0,0,0,0,0,0,0,0,0,0,0,0,0,0.001957,0.001957,0,0,0,0,1,0,0,0.003922,0.258824,1,0,1,1,0,0,0,0,ipsweep.,null,null
0,tcp,other,SF,0,0,0,0,0,0,0,0,0,0,0,0,0,0,0,0,0,0,0.001957,0.001957,0,0,0,0,1,0,0,0.019608,0.003922,0.2,0.6,0.2,0,0,0,0.4,0,named.,null,null
0,tcp,other,SF,0,0,0,0,0,0,0,0,0,0,0,0,0,0,0,0,0,0,0.001957,0.001957,0,0,0,0,1,0,0,0.023529,0.007843,0.33,0.5,0.17,0,0,0,0.33,0,named.,null,null
0,icmp,eco_i,SF,0,0,0,0,0,0,0,0,0,0,0,0,0,0,0,0,0,0,0.001957,0.001957,0,0,0,0,1,0,0,0.003922,0.317647,1,0,1,1,0,0,0,0,ipsweep.,null,null
0,icmp,eco_i,SF,0,0,0,0,0,0,0,0,0,0,0,0,0,0,0,0,0,0,0.001957,0.001957,0,0,0,0,1,0,0,0.003922,0.4,1,0,1,1,0,0,0,0,ipsweep.,null,null
0,icmp,eco_i,SF,0,0,0,0,0,0,0,0,0,0,0,0,0,0,0,0,0,0,0.001957,0.001957,0,0,0,0,1,0,0,0.003922,0.411765,1,0,1,1,0,0,0,0,ipsweep.,null,null
0,icmp,eco_i,SF,0,0,0,0,0,0,0,0,0,0,0,0,0,0,0,0,0,0,0.001957,0.001957,0,0,0,0,1,0,0,0.003922,0.431373,1,0,1,1,0,0,0,0,ipsweep.,null,null
0,icmp,eco_i,SF,0,0,0,0,0,0,0,0,0,0,0,0,0,0,0,0,0,0,0.001957,0.001957,0,0,0,0,1,0,0,0.003922,0.443137,1,0,1,1,0,0,0,0,ipsweep.,null,null
0,icmp,eco_i,SF,0,0,0,0,0,0,0,0,0,0,0,0,0,0,0,0,0,0,0.001957,0.001957,0,0,0,0,1,0,0,0.003922,0.462745,1,0,1,1,0,0,0,0,ipsweep.,null,null
0,icmp,eco_i,SF,0,0,0,0,0,0,0,0,0,0,0,0,0,0,0,0,0,0,0.001957,0.001957,0,0,0,0,1,0,0,0.003922,0.14902,1,0,1,1,0,0,0,0,ipsweep.,null,null
0,icmp,eco_i,SF,0,0,0,0,0,0,0,0,0,0,0,0,0,0,0,0,0,0,0.001957,0.001957,0,0,0,0,1,0,0,0.003922,0.156863,1,0,1,1,0,0,0,0,ipsweep.,null,null
0,icmp,eco_i,SF,0,0,0,0,0,0,0,0,0,0,0,0,0,0,0,0,0,0,0.001957,0.001957,0,0,0,0,1,0,0,0.003922,0.176471,1,0,1,1,0,0,0,0,ipsweep.,null,null
0,icmp,ecr_i,SF,0,0,0,0,0,0,0,0,0,0,0,0,0,0,0,0,0,0,0.001957,0.001957,0,0,0,0,1,0,0,0.278431,0.278431,1,0,1,0,0,0,0,0,normal.,null,null
0,icmp,eco_i,SF,0,0,0,0,0,0,0,0,0,0,0,0,0,0,0,0,0,0,0.001957,0.001957,0,0,0,0,1,0,0,0.003922,0.219608,1,0,1,1,0,0,0,0,ipsweep.,null,null
0,icmp,eco_i,SF,0,0,0,0,0,0,0,0,0,0,0,0,0,0,0,0,0,0,0.001957,0.001957,0,0,0,0,1,0,0,0.003922,0.309804,1,0,1,1,0,0,0,0,ipsweep.,null,null
0,icmp,eco_i,SF,0,0,0,0,0,0,0,0,0,0,0,0,0,0,0,0,0,0,0.001957,0.001957,0,0,0,0,1,0,0,0.003922,0.372549,1,0,1,1,0,0,0,0,ipsweep.,null,null
0,icmp,eco_i,SF,0,0,0,0,0,0,0,0,0,0,0,0,0,0,0,0,0,0,0.001957,0.001957,0,0,0,0,1,0,0,0.003922,0.388235,1,0,1,1,0,0,0,0,ipsweep.,null,null
0,icmp,eco_i,SF,0,0,0,0,0,0,0,0,0,0,0,0,0,0,0,0,0,0,0.001957,0.001957,0,0,0,0,1,0,0,0.003922,0.141176,1,0,1,1,0,0,0,0,ipsweep.,null,null
0,tcp,smtp,SF,0.000097,0.000064,0,0,0,0,0,1,0,0,0,0,0,0,0,0,0,0,0.001957,0.011742,0,0,0,0,1,0,0.83,0.462745,0.082353,0.18,0.07,0.01,0,0,0,0.01,0.05,normal.,null,null
0,icmp,eco_i,SF,0,0,0,0,0,0,0,0,0,0,0,0,0,0,0,0,0,0,0.001957,0.001957,0,0,0,0,1,0,0,0.003922,0.196078,1,0,1,1,0,0,0,0,ipsweep.,null,null
0,tcp,auth,SF,0,0.000007,0,0,0,0,0,0,0,0,0,0,0,0,0,0,0,0,0.001957,0.001957,0,0,0,0,1,0,0,0.219608,0.019608,0.05,0.3,0.02,0.4,0.02,0,0,0,normal.,null,null
0,icmp,eco_i,SF,0,0,0,0,0,0,0,0,0,0,0,0,0,0,0,0,0,0,0.001957,0.001957,0,0,0,0,1,0,0,0.003922,0.05098,1,0,1,1,0,0,0,0,ipsweep.,null,null
0,icmp,eco_i,SF,0,0,0,0,0,0,0,0,0,0,0,0,0,0,0,0,0,0,0.001957,0.001957,0,0,0,0,1,0,0,0.003922,0.168627,1,0,1,1,0,0,0,0,ipsweep.,null,null
0.030772,tcp,telnet,SF,0.000049,0.010559,0,0,0,0.148515,0.25,1,0.017588,1,0,0.029613,0.05,0,1,0,0,0,0.001957,0.001957,0,0,0,0,1,0,0,0.035294,0.007843,0.11,0.44,0.11,1,0,0,0,0,multihop.,null,null
0,icmp,eco_i,SF,0,0,0,0,0,0,0,0,0,0,0,0,0,0,0,0,0,0,0.001957,0.001957,0,0,0,0,1,0,0,0.003922,0.090196,1,0,1,1,0,0,0,0,ipsweep.,null,null
0,tcp,finger,SF,0,0.00004,0,0,0,0,0,0,0,0,0,0,0,0,0,0,0,0,0.001957,0.001957,0,0,0,0,1,0,0,1,0.003922,0,0.03,0,0,0,0,0.01,0,normal.,null,null
0,icmp,eco_i,SF,0,0,0,0,0,0,0,0,0,0,0,0,0,0,0,0,0,0,0.001957,0.001957,0,0,0,0,1,0,0,0.003922,0.129412,1,0,1,1,0,0,0,0,ipsweep.,null,null
0,tcp,auth,SF,0,0.000007,0,0,0,0,0,0,0,0,0,0,0,0,0,0,0,0,0.001957,0.001957,0,0,0,0,1,0,0,0.090196,0.007843,0.09,0.17,0.04,0,0,0,0,0,normal.,null,null
0,icmp,eco_i,SF,0,0,0,0,0,0,0,0,0,0,0,0,0,0,0,0,0,0,0.001957,0.001957,0,0,0,0,1,0,0,0.003922,0.203922,1,0,1,1,0,0,0,0,ipsweep.,null,null
0.000017,tcp,ftp_data,SF,0.000003,0,0,0,0,0,0,0,0,0,0,0,0,0,0,0,0,0,0.001957,0.001957,0,0,0,0,1,0,0,1,0.003922,0,0.02,0,0,0,0,0,0,normal.,null,null
0,tcp,ftp_data,SF,0.000076,0,0,0,0,0,0,0,0,0,0,0,0,0,0,0,0,0,0.015656,0.015656,0,0,0,0,1,0,0,1,0.035294,0.04,0.02,0.04,0,0,0,0,0,normal.,null,null
0.000017,tcp,ftp_data,SF,0.000185,0,0,0,0,0,0,0,0,0,0,0,0,0,0,0,0,0,0.003914,0.003914,0,0,0,0,1,0,0,1,0.047059,0.05,0.02,0.05,0,0,0,0,0,normal.,null,null
0,udp,domain_u,SF,0,0,0,0,0,0,0,0,0,0,0,0,0,0,0,0,0,0,0.001957,0.003914,0,0,0,0,1,0,1,0.113725,0.023529,0.21,0.1,0.21,0,0,0,0.07,0,normal.,null,null
0,icmp,eco_i,SF,0,0,0,0,0,0,0,0,0,0,0,0,0,0,0,0,0,0,0.001957,0.001957,0,0,0,0,1,0,0,0.003922,0.247059,1,0,1,1,0,0,0,0,ipsweep.,null,null
0,icmp,eco_i,SF,0,0,0,0,0,0,0,0,0,0,0,0,0,0,0,0,0,0,0.001957,0.001957,0,0,0,0,1,0,0,0.003922,0.254902,1,0,1,1,0,0,0,0,ipsweep.,null,null
0,icmp,eco_i,SF,0,0,0,0,0,0,0,0,0,0,0,0,0,0,0,0,0,0,0.001957,0.001957,0,0,0,0,1,0,0,0.003922,0.023529,1,0,1,1,0,0,0,0,ipsweep.,null,null
0,icmp,eco_i,SF,0,0,0,0,0,0,0,0,0,0,0,0,0,0,0,0,0,0,0.001957,0.001957,0,0,0,0,1,0,0,0.003922,0.054902,1,0,1,1,0,0,0,0,ipsweep.,null,null
0,icmp,ecr_i,SF,0.000016,0,0,0,0,0,0,0,0,0,0,0,0,0,0,0,0,0,0.998043,0.998043,0,0,0,0,1,0,0,1,0.082353,0.08,0.02,0.09,0,0,0,0,0,smurf.,null,null
0,icmp,ecr_i,SF,0.000016,0,0,0,0,0,0,0,0,0,0,0,0,0,0,0,0,0,1,1,0,0,0,0,1,0,0,1,0.062745,0.06,0.02,0.07,0,0,0,0,0,smurf.,null,null
0,icmp,eco_i,SF,0,0,0,0,0,0,0,0,0,0,0,0,0,0,0,0,0,0,0.001957,0.001957,0,0,0,0,1,0,0,0.003922,0.101961,1,0,1,1,0,0,0,0,ipsweep.,null,null
0,icmp,eco_i,SF,0,0,0,0,0,0,0,0,0,0,0,0,0,0,0,0,0,0,0.001957,0.001957,0,0,0,0,1,0,0,0.003922,0.215686,1,0,1,1,0,0,0,0,ipsweep.,null,null
0.00227,tcp,telnet,SF,0.000003,0.00298,0,0,0,0,0,0,0,0,0,0,0,0,0,0,0,0,0.001957,0.001957,0,0,0,0,1,0,0,0.137255,0.003922,0.03,0.14,0.03,0,0,0,0,0,normal.,null,null
0,icmp,eco_i,SF,0,0,0,0,0,0,0,0,0,0,0,0,0,0,0,0,0,0,0.001957,0.001957,0,0,0,0,1,0,0,0.003922,0.262745,1,0,1,1,0,0,0,0,ipsweep.,null,null
0,tcp,ftp_data,SF,0.000011,0,0,0,0,0,0,0,0,0,0,0,0,0,0,0,0,0,0.001957,0.001957,0,0,0,0,1,0,0,0.156863,0.309804,0.3,0.1,0.3,0.03,0,0,0.1,0,normal.,null,null
0,icmp,eco_i,SF,0,0,0,0,0,0,0,0,0,0,0,0,0,0,0,0,0,0,0.001957,0.001957,0,0,0,0,1,0,0,0.003922,0.337255,1,0,1,1,0,0,0,0,ipsweep.,null,null
0,udp,domain_u,SF,0,0.000003,0,0,0,0,0,0,0,0,0,0,0,0,0,0,0,0,0.001957,0.001957,0,0,0,0,1,0,0,0.003922,0.007843,1,0,1,1,0,0,0,0,normal.,null,null
0,tcp,ftp_data,SF,0.00001,0,0,0,0,0,0,0,0,0,0,0,0,0,0,0,0,0,0.003914,0.003914,0,0,0,0,1,0,0,0.164706,0.027451,0.17,0.12,0.17,0,0,0,0,0,normal.,null,null
0,tcp,time,SF,0,0.000001,0,0,0,0,0,0,0,0,0,0,0,0,0,0,0,0,0.001957,0.001957,0,0,0,0,1,0,0,0.019608,0.019608,1,0,0.2,0,0,0,0,0,normal.,null,null
0,udp,private,SF,0,0,0,0,0,0,0,0,0,0,0,0,0,0,0,0,0,0,0.011742,0.003914,0,0,0,0,0.33,0.5,0,1,0.007843,0.01,0.97,0.02,0,0.06,0,0.89,0,normal.,null,null
0,udp,private,SF,0,0,0,0,0,0,0,0,0,0,0,0,0,0,0,0,0,0,0.017613,0.001957,0,0,0,0,0.11,0.56,0,1,0.003922,0,0.95,0.05,0,0.04,0,0.88,0,normal.,null,null
0,udp,private,SF,0,0,0,0,0,0,0,0,0,0,0,0,0,0,0,0,0,0,0.02544,0.023483,0,0,0,0,0.92,0.15,0,1,0.090196,0.09,0.85,0.16,0,0.04,0,0.77,0,normal.,null,null
0,udp,private,SF,0,0,0,0,0,0,0,0,0,0,0,0,0,0,0,0,0,0,0.033268,0.011742,0,0,0,0,0.35,0.24,0,1,0.023529,0.02,0.8,0.21,0,0.04,0,0.72,0,normal.,null,null
0,udp,private,SF,0,0,0,0,0,0,0,0,0,0,0,0,0,0,0,0,0,0,0.029354,0.027397,0,0,0,0,0.93,0.13,0,1,0.058824,0.06,0.76,0.25,0,0.03,0,0.69,0,normal.,null,null
0,udp,private,SF,0,0,0,0,0,0,0,0,0,0,0,0,0,0,0,0,0,0,0.035225,0.031311,0,0,0,0,0.89,0.11,0,1,0.086275,0.09,0.73,0.28,0,0.03,0,0.66,0,normal.,null,null
0,udp,private,SF,0,0.000005,0,0,0,0,0,0,0,0,0,0,0,0,0,0,0,0,0.029354,0.007828,0,0,0,0,0.27,0.4,0,1,0.015686,0.02,0.69,0.35,0,0.03,0,0.6,0,normal.,null,null
0,udp,private,SF,0,0.000005,0,0,0,0,0,0,0,0,0,0,0,0,0,0,0,0,0.02544,0.023483,0,0,0,0,0.92,0.15,0,1,0.05098,0.05,0.65,0.38,0,0.03,0,0.56,0,normal.,null,null
0,udp,private,SF,0,0.000005,0,0,0,0,0,0,0,0,0,0,0,0,0,0,0,0,0.035225,0.031311,0,0,0,0,0.89,0.11,0,1,0.086275,0.09,0.61,0.42,0,0.02,0,0.53,0,normal.,null,null
0,udp,private,SF,0,0.000005,0,0,0,0,0,0,0,0,0,0,0,0,0,0,0,0,0.033268,0.031311,0,0,0,0,0.94,0.12,0,1,0.105882,0.11,0.59,0.44,0,0.01,0,0.52,0,normal.,null,null
0,udp,private,SF,0,0,0,0,0,0,0,0,0,0,0,0,0,0,0,0,0,0,0.033268,0.005871,0,0,0,0,0.18,0.29,0,1,0.011765,0.01,0.57,0.47,0,0.01,0,0.49,0,normal.,null,null
0,udp,private,SF,0,0.000014,0,0,0,0,0,0,0,0,0,0,0,0,0,0,0,0,0.027397,0.015656,0,0,0,0,0.57,0.21,0,1,0.031373,0.03,0.52,0.53,0,0.01,0,0.42,0,normal.,null,null
0,udp,private,SF,0,0.000014,0,0,0,0,0,0,0,0,0,0,0,0,0,0,0,0,0.027397,0.02544,0,0,0,0,0.93,0.14,0,1,0.066667,0.07,0.48,0.57,0,0.01,0,0.38,0,normal.,null,null
0,udp,private,SF,0,0.000014,0,0,0,0,0,0,0,0,0,0,0,0,0,0,0,0,0.023483,0.021526,0,0,0,0,0.92,0.17,0,1,0.07451,0.07,0.47,0.58,0,0.01,0,0.37,0,normal.,null,null
0,udp,private,SF,0,0.000014,0,0,0,0,0,0,0,0,0,0,0,0,0,0,0,0,0.02544,0.021526,0,0,0,0,0.85,0.15,0,1,0.094118,0.09,0.45,0.61,0,0,0,0.36,0,normal.,null,null
0,udp,private,SF,0,0,0,0,0,0,0,0,0,0,0,0,0,0,0,0,0,0,0.037182,0.007828,0,0,0,0,0.21,0.21,0,1,0.015686,0.02,0.41,0.65,0,0,0,0.32,0,normal.,null,null
0,udp,private,SF,0,0,0,0,0,0,0,0,0,0,0,0,0,0,0,0,0,0,0.017613,0.001957,0,0,0,0,0.11,0.56,0,1,0.003922,0,0.36,0.73,0,0,0,0.24,0,normal.,null,null
0,udp,private,SF,0,0.000001,0,0,0,0,0,0,0,0,0,0,0,0,0,0,0,0,0.017613,0.013699,0,0,0,0,0.78,0.22,0,1,0.027451,0.03,0.29,0.84,0,0,0,0.13,0,normal.,null,null
0,udp,private,SF,0,0.000001,0,0,0,0,0,0,0,0,0,0,0,0,0,0,0,0,0.027397,0.023483,0,0,0,0,0.86,0.14,0,1,0.066667,0.07,0.24,0.88,0,0,0,0.09,0,normal.,null,null
0,udp,private,SF,0,0,0,0,0,0,0,0,0,0,0,0,0,0,0,0,0,0,0.023483,0.021526,0,0,0,0,0.92,0.17,0,1,0.043137,0.04,0.17,1,0,0,0,0,0,normal.,null,null
0,udp,private,SF,0,0,0,0,0,0,0,0,0,0,0,0,0,0,0,0,0,0,0.02544,0.023483,0,0,0,0,0.92,0.15,0,1,0.07451,0.07,0.16,1,0,0,0,0,0,normal.,null,null
0,udp,private,SF,0,0,0,0,0,0,0,0,0,0,0,0,0,0,0,0,0,0,0.027397,0.007828,0,0,0,0,0.29,0.21,0,1,0.015686,0.02,0.15,1,0,0,0,0,0,normal.,null,null
0,udp,private,SF,0,0,0,0,0,0,0,0,0,0,0,0,0,0,0,0,0,0,0.027397,0.007828,0,0,0,0,0.29,0.29,0,1,0.015686,0.02,0.16,1,0,0,0,0,0,normal.,null,null
0,udp,private,SF,0,0,0,0,0,0,0,0,0,0,0,0,0,0,0,0,0,0,0.017613,0.001957,0,0,0,0,0.11,0.56,0,1,0.003922,0,0.24,1,0,0,0,0,0,normal.,null,null
0,udp,private,SF,0,0,0,0,0,0,0,0,0,0,0,0,0,0,0,0,0,0,0.021526,0.003914,0,0,0,0,0.18,0.45,0,1,0.007843,0.01,0.24,1,0,0,0,0,0,normal.,null,null
0,udp,private,SF,0,0,0,0,0,0,0,0,0,0,0,0,0,0,0,0,0,0,0.02544,0.005871,0,0,0,0,0.23,0.46,0,1,0.011765,0.01,0.25,1,0,0,0,0,0,normal.,null,null
0,udp,private,SF,0,0,0,0,0,0,0,0,0,0,0,0,0,0,0,0,0,0,0.017613,0.001957,0,0,0,0,0.11,0.56,0,1,0.003922,0,0.27,1,0,0,0,0,0,normal.,null,null
0,udp,private,SF,0,0,0,0,0,0,0,0,0,0,0,0,0,0,0,0,0,0,0.021526,0.005871,0,0,0,0,0.27,0.45,0,1,0.011765,0.01,0.32,1,0,0,0,0,0,normal.,null,null
0.00104,tcp,telnet,SF,0.000002,0.000034,0,0,0,0,0.25,0,0,0,0,0,0,0,0,0,0,0,0.001957,0.001957,0,0,0,0,1,0,0,1,0.007843,0.01,0.02,0,0,0,0,0,0,normal.,null,null
0,udp,domain_u,SF,0,0,0,0,0,0,0,0,0,0,0,0,0,0,0,0,0,0,0.003914,0.001957,0,0,0,0,0.5,1,0,0.239216,0.035294,0.15,0.1,0.15,0,0,0,0.05,0,normal.,null,null
0,tcp,ftp_data,SF,0.000003,0,0,0,0,0,0,0,0,0,0,0,0,0,0,0,0,0,0.003914,0.005871,0,0,0,0,1,0,0.67,0.184314,0.054902,0.09,0.13,0.09,0.14,0,0,0,0,normal.,null,null
0,tcp,ftp_data,SF,0.000022,0,0,0,0,0,0,0,0,0,0,0,0,0,0,0,0,0,0.007828,0.009785,0,0,0,0,1,0,0.4,0.207843,0.078431,0.19,0.11,0.19,0.1,0,0,0,0,normal.,null,null
0,tcp,ftp_data,SF,0.000001,0,0,0,0,0,0,0,0,0,0,0,0,0,0,0,0,0,0.027397,0.027397,0,0,0,0,1,0,0,0.247059,0.117647,0.32,0.1,0.32,0.07,0,0,0,0,normal.,null,null
0,tcp,ftp_data,SF,0.000163,0,0,0,0,0,0,0,0,0,0,0,0,0,0,0,0,0,0.011742,0.046967,0,0,0,0,1,0,0.08,0.262745,0.082353,0.31,0.07,0.31,0,0,0,0,0,normal.,null,null
0,tcp,ftp_data,SF,0.000012,0,0,0,0,0,0,0,0,0,0,0,0,0,0,0,0,0,0.003914,0.003914,0,0,0,0,1,0,0,0.211765,0.058824,0.13,0.07,0.13,0.13,0.02,0,0,0,normal.,null,null
0,tcp,ftp_data,SF,0.00001,0,0,0,0,0,0,0,0,0,0,0,0,0,0,0,0,0,0.003914,0.003914,0,0,0,0,1,0,0,1,0.031373,0.03,0.02,0.03,0,0,0,0,0,normal.,null,null
0,tcp,ftp_data,SF,0.000195,0,0,0,0,0,0,0,0,0,0,0,0,0,0,0,0,0,0.011742,0.011742,0,0,0,0,1,0,0,1,0.058824,0.06,0.02,0.06,0,0,0,0,0,normal.,null,null
0,tcp,http,SF,0.000005,0.00005,0,0,0,0,0,1,0,0,0,0,0,0,0,0,0,0,0.007828,0.007828,0,0,0,0,1,0,0,1,0.031373,0.03,0.02,0,0,0,0,0,0,normal.,null,null
0,tcp,http,SF,0.000004,0.000579,0,0,0,0,0,1,0,0,0,0,0,0,0,0,0,0,0.001957,0.009785,0,0,0,0,1,0,0.4,1,0.058824,0.06,0.02,0,0,0,0,0,0,normal.,null,null
0,tcp,ftp_data,SF,0.000004,0,0,0,0,0,0,0,0,0,0,0,0,0,0,0,0,0,0.003914,0.003914,0,0,0,0,1,0,0,0.619608,0.031373,0.05,0.06,0.05,0,0,0,0.01,0,normal.,null,null
0,tcp,ftp_data,SF,0.000195,0,0,0,0,0,0,0,0,0,0,0,0,0,0,0,0,0,0.013699,0.013699,0,0,0,0,1,0,0,0.662745,0.07451,0.11,0.06,0.11,0,0,0,0.01,0,normal.,null,null
0,tcp,ftp_data,SF,0.000211,0,0,0,0,0,0,0,0,0,0,0,0,0,0,0,0,0,0.005871,0.005871,0,0,0,0,1,0,0,0.215686,0.05098,0.24,0.07,0.24,0,0,0,0,0,normal.,null,null
0,tcp,ftp_data,SF,0.000001,0,0,0,0,0,0,0,0,0,0,0,0,0,0,0,0,0,0.02544,0.02544,0,0,0,0,1,0,0,0.254902,0.090196,0.35,0.06,0.35,0,0,0,0,0,normal.,null,null
0,tcp,ftp_data,SF,0.000011,0,0,0,0,0,0,0,0,0,0,0,0,0,0,0,0,0,0.001957,0.001957,0,0,0,0,1,0,0,0.282353,0.235294,0.38,0.04,0.38,0.03,0,0,0.06,0,normal.,null,null
0,tcp,ftp_data,SF,0.000062,0,0,0,0,0,0,0,0,0,0,0,0,0,0,0,0,0,0.001957,0.001957,0,0,0,0,1,0,0,0.203922,0.25098,0.17,0.1,0.17,0.03,0.02,0,0.13,0,normal.,null,null
0,tcp,ftp_data,SF,0.007987,0,0,0,0,0,0,0,0,0,0,0,0,0,0,0,0,0,0.003914,0.003914,0,0,0,0,1,0,0,0.443137,0.180392,0.28,0.16,0.4,0.04,0.01,0.02,0,0,normal.,null,null
0,tcp,ftp_data,SF,0.000014,0,0,0,0,0,0,0,0,0,0,0,0,0,0,0,0,0,0.001957,0.001957,0,0,0,0,1,0,0,0.278431,0.113725,0.41,0.06,0.41,0,0,0,0,0,normal.,null,null
0,tcp,ftp_data,SF,0.000026,0,0,0,0,0,0,0,0,0,0,0,0,0,0,0,0,0,0.001957,0.001957,0,0,0,0,1,0,0,0.290196,0.12549,0.43,0.05,0.43,0,0,0,0,0,normal.,null,null
0,tcp,ftp_data,SF,0.000004,0,0,0,0,0,0,0,0,0,0,0,0,0,0,0,0,0,0.005871,0.003914,0,0,0,0,0.67,0.67,0,0.34902,0.078431,0.02,0.08,0.02,0.1,0,0,0.03,0,normal.,null,null
0,tcp,ftp_data,SF,0.000118,0,0,0,0,0,0,0,0,0,0,0,0,0,0,0,0,0,0.017613,0.017613,0,0,0,0,1,0,0,0.4,0.121569,0.15,0.07,0.15,0.06,0,0,0.03,0,normal.,null,null
0,tcp,auth,SF,0,0.000007,0,0,0,0,0,0,0,0,0,0,0,0,0,0,0,0,0.001957,0.001957,0,0,0,0,1,0,0,0.313725,0.023529,0.03,0.04,0.01,0.33,0,0,0.05,0,normal.,null,null
0,tcp,smtp,SF,0.000202,0.000298,0,0,0,0,0,1,0,0,0,0,0,0,0,0,0,0,0.001957,0.005871,0,0,0,0,1,0,1,1,0.035294,0.04,0.36,0,0,0,0,0,0,normal.,null,null
0,tcp,finger,SF,0,0.00007,0,0,0,0,0,0,0,0,0,0,0,0,0,0,0,0,0.001957,0.001957,0,0,0,0,1,0,0,1,0.003922,0,0.03,0,0,0,0,0,0,normal.,null,null
0,udp,domain_u,SF,0.000001,0,0,0,0,0,0,0,0,0,0,0,0,0,0,0,0,0,0.001957,0.041096,0,0,0,0,1,0,0.14,0.105882,0.913725,0.52,0.07,0.52,0.01,0.04,0,0.37,0,normal.,null,null
0,tcp,time,SF,0,0.000001,0,0,0,0,0,0,0,0,0,0,0,0,0,0,0,0,0.001957,0.001957,0,0,0,0,1,0,0,0.043137,0.043137,1,0,0.09,0,0,0,0,0,normal.,null,null
0,udp,private,SF,0.0836,0,0,0,0,0,0,0,0,0,0,0,0,0,0,0,0,0,0.037182,0.007828,0,0,0,0,0.21,0.21,0,1,0.015686,0.02,0.41,0.65,0,0,0,0,0,normal.,null,{mixture}
0,tcp,time,SF,0,0.000001,0,0,0,0,0,0,0,0,0,0,0,0,0,0,0,0,0.001957,0.5807,0,0,0,0,1,0,0,0.003922,0.152941,1,0,1,1,0,0,0,0,ipsweep.,null,{mixture}
0,icmp,eco_i,SF,0,0,0,0,0,0,0,0,0,0,0,0,0,0,0,0,0,0,0.001957,0.001957,0,0,0,0,1,0,0,0.023529,0.023529,1,0,0.17,0,0,0,0,0,normal.,null,{mixture}
0,tcp,ftp_data,SF,0.00025,0,0,0,0,0,0,0,0,0,0,0,0,0,0,0,0,0,0.005871,0.001957,0,0,0,0,0.33,0.67,0,1,0.007843,0.01,0.01,0.01,0,0,0,0,0,normal.,null,{mixture}
0,icmp,eco_i,SF,0,0,0,0,0,0,0,0,0,0,0,0,0,0,0,0,0,0,0.003914,0.003914,0,0,0,0,1,0,0,0.160784,0.278431,0.2,0.1,0.2,0.03,0,0,0,0,normal.,null,{mixture}
0,tcp,http,SF,0.000006,0.000079,0,0,0,0,0,1,0,0,0,0,0,0,0,0,0,0,0.003914,0.003914,0,0,0,0,1,0.26268,0,0.619608,0.031373,0.05,0.06,0.05,0,0,0,0.01,0,normal.,null,{mixture}
0,tcp,private,SF,0,0.000001,0,0,0,0,0,0,0,0,0,0,0,0,0,0,0,0,0.017613,0.013699,0,0,0,0,0.78,0.22,0,1,0.027451,0.03,0.29,0.84,0,0,0,0.13,0,normal.,null,{mixture}
0,tcp,http,0,0.000005,0.001513,0,0,0,0,0,1,0,0,0,0,0,0,0,0,0,0,0.021526,0.021526,0,0,0,0,1,0,0,1,0.031373,0.03,0.02,0,0,0,0,0,0,normal.,null,{mixture}
0,tcp,http,SF,0.000014,0.000497,0,0,0,0.178218,0,1,0,0,0,0,0,0,0,0,0,1,0.001957,0.001957,0,0,0,0.60302,1,0,0,0.156863,0.015686,0.1,0.43,0.03,0,0.03,0,0,0,normal.,null,{mixture}
0,tcp,http,SF,0.000005,0.000128,0,0,0,0,0,0,0,0,0,0,0,0.00144,0,0,0,0,0.001957,0.001957,0,0,0,0,1,0,0,0.003922,0.14902,1,0,1,1,0,0,0,0,ipsweep.,null,{mixture}
0,tcp,http,SF,0.000003,0.000056,0,0,0,0,0,1,0,0,0,0,0,0,0,0,0,0,0.017613,0.023483,0,0,1,1,1,0,0,1,0.003922,0,1,0,0,0,0,0.99,1,normal.,null,{mixture}
0,tcp,http,SF,0.000004,0,0,0,0,0,0,0,0,0,0,0,0,0,0,0,0,0,0.001957,0.001957,0,0,0,0,1,0,0,0.003922,0.443137,1,0,1,1,0,0,0,0,ipsweep.,null,{mixture}
0,tcp,http,SF,0.20279,0.000269,0,0,0,0,0,1,0,0,0,0,0,0,0,0,0,0,0.001957,0.001957,0,0,0,0,1,0,0,0.831373,0.211765,0.24,0.03,0.24,0.04,0,0,0.01,0,normal.,null,{mixture}
0.015577,tcp,domain,RSTO,0.000025,0.000063,0,0,0,0,0,1,0,0,0,0,0,0,0,0,0,0,0.001957,0.001957,0,0,0,0,1,0,0,0.258824,0.015686,0.06,0.11,0.02,0,0.82194,0,0,0,normal.,null,{mixture}
0,tcp,ftp_data,SF,0.00014,0,0,0,0,0,0,0,0,0,0,0,0,0,0,0,0,0,0.015656,0.015656,0,0,0,0,1,0,0,0.364706,0.145098,0.23,0,0,0,0,0,0,0,normal.,null,{mixture}
0,udp,private,SF,0.000002,0.000028,0,0,0,0,0,0,0,0,0,0,0,0,0,0,0,0,0.003914,0.003914,0,0,0,0,1,0,0,0.003922,0.035294,1,0,1,1,0.39156,0,0,0,ipsweep.,null,{mixture}
0,udp,domain_u,SF,0.000001,0.000008,0,0,0,0,0,0,0,0,0,0,0,0,0,0,0,0,0.005871,0.007828,0,0,0,0,1,0,0,0.003922,0.192157,1,0,1,1,0,0,0,0,ipsweep.,null,{mixture}
0,icmp,eco_i,SF,0,0,0,0,0,0,0,0,0,0,0,0,0,0,0,0,0,0,0.41994,0.001957,0,0,0,0,1,0,0,0.003922,0.211765,1,0,1,1,0,0,0,0,normal.,null,{mixture}
0,tcp,http,SF,0.000004,0.000303,0,0,0,0,0,1,0,0,0,0,0,0,0,0,0,0,0.017613,0.001957,0,0,0,0,0.11,0.56,0,1,0.003922,0,0.16034,0.05,0,0.04,0,0.88,0,normal.,null,{mixture}
0,icmp,eco_i,SF,0,0,0,0,0,0,0,0,0,0,0,0,0,0,0,0,0,0,0.001957,0.001957,0,0,0,0,1,0,0,0.003922,0.26506,0.06,0.02,0,0,0,0,0,0,normal.,null,{mixture}
0,tcp,http,SF,0.000003,0.000378,0,0,0,0.06805,0,0,0,0,0,0,0,0,0,0,0,0,0.001957,0.001957,0,0,0,0,1,0,0,0.003922,0.066667,1,0,1,1,0,0,0,0,ipsweep.,null,{mixture}
0,udp,domain_u,SF,0.000001,0.000019,0,0,0,0,0,0,0,0,0,0,0,0,0,0,0,0,0.003914,0.003914,0,0,0,0,1,0,0,1,0.05098,1,0,1,1,0,0,0,0,ipsweep.,null,{mixture}
0,tcp,http,SF,0.000003,0.000156,0,0,0,0,0,0,0,0,0,0,0,0,0,0,0,0,0.001957,0.001957,0,0,0,0.60827,1,0,0,0.003922,0.180392,1,0,1,1,0,0,0,0,ipsweep.,null,{mixture}
0,udp,private,0,0.000002,0.000028,0,0,0,0,0,0,0,0,0,0,0,0,0,0,0,0,0.003914,0.005871,0,0,0,0,1,0,0.67,0.490196,0.321569,0.66,0.03,0.01,0,0,0,0,0,normal.,null,{mixture}
0,udp,domain_u,SF,0,0.000003,0,0,0,0,0,0,0,0,0,0,0,0,0,0,0,0,0.001957,0.001957,0,0,0,0,1,0,0,0.003922,0.007843,1,0,1,0.90699,0,0,0,0,normal.,null,{mixture}
0,tcp,http,SF,0.000211,0,0,0,0,0,0,0,0,0,0,0,0,0,0,0,0,0,0.005871,0.005871,0,0.39419,0,0,1,0,0,0.215686,0.05098,0.24,0.07,0.24,0,0,0,0,0,normal.,null,{mixture}
0,tcp,http,SF,0.000005,0.000145,0,0,0,0,0,0,0,0,0,0,0,0,0,0,0,0,0.029354,0.027397,0,0,0,0.63043,0.93,0.13,0,1,0.058824,0.06,0.76,0.25,0,0.03,0,0.69,0,normal.,null,{mixture}
0,tcp,http,SF,0.000003,0.000886,0,0,0,0,0,0,0,0,0,0,0,0,0.23072,0,0,0,0.001957,0.001957,0,0,0,0,1,0,0,0.282353,0.235294,0.38,0.04,0.38,0.03,0,0,0.06,0,normal.,null,{mixture}
0,tcp,ftp_data,SF,0.000011,0,0,0,0,0,0.14169,1,0,0,0,0,0,0,0,0,0,0,0.001957,0.001957,0,0,0,0,1,0,0,1,0.082353,0.08,0.02,0,0,0,0,0,0,normal.,null,{mixture}
0,udp,domain_u,SF,0.000001,0.000022,0,0,0,0,0,0,0,0,0,0,0,0,0,0,0,0,0.003914,0.001957,0,0,0,0,0.5,1,0,0.239216,0.035294,0.15,0.1,0.15,0,0,0,0.05,0,normal.,null,{mixture}
0,udp,private,SF,0,0.000005,0,0,0,0,0,0,0,0,0,0,0,0,0,0,0,0,0.029354,0.007828,0,0,0,0,0.27,0.4,0,1,0.015686,0.02,0.69,0,0,0,0,0,0,normal.,null,{mixture}
0,tcp,http,SF,0.000005,0.000139,0,0,0,0,0,1,0,0,0,0,0,0,0,0,0,0,0.013699,0.027397,0,0,0,0,0.93,0.14,0,0.83447,0.066667,0.07,0.48,0.57,0,0.01,0,0.38,0,normal.,null,{mixture}
0,tcp,http,SF,0.000003,0,0,0,0,0,0,0,0,0,0,0,0,0,0,0,0,0,0.035225,0.84915,0,0,0,0,0.89,0.11,0,1,0.086275,0.09,0.73,0.28,0,0.03,0,0.66,0,normal.,null,{mixture}
0,tcp,http,SF,0.000004,0.000301,0,0,0,0,0,0.64019,0,0,0,0,0,0,0,0,0,0,0.003914,0.005871,0,0,0,0,1,0,0.67,0.043137,0.294118,0.36,0.27,0.36,0.03,0,0,0,0,normal.,null,{mixture}
0,tcp,http,SF,0.000004,0,0,0,0,0.00819,0,0,0,0,0,0,0,0,0,0,0,0,0.02544,0.02544,0,0,0,0,1,0,0,0.254902,0.090196,0.35,0.06,0.35,0,0,0,0,0,normal.,null,{mixture}
0,tcp,http,SF,0.000003,0,0,0,0,0,0,0,0,0,0,0,0,0,0,0,0,0,0.003914,0.003914,0,0,0,0,1,0,0,1,0.047059,0.05,0.02,0.05,0,0,0,0,0,normal.,null,{mixture}
0,tcp,ftp_data,SF,0.000003,0,0,0,0,0,0,0.42789,0,0,0,0,0,0,0,0,0,0,0.003914,0.005871,0,0,0,0,1,0,0.67,0.184314,0.054902,0.09,0,0,0.01,0,0,0,0,normal.,null,{mixture}
0,udp,domain_u,REJ,0,0,0,0,0,0,0,0,0,0,0,0,0,0,0,0,0,0.33897,0.001957,0.001957,0,0,1,1,1,0,0,0.003922,0.003922,1,0,1,0,0,0,1,1,named.,null,{mixture}
0,icmp,eco_i,SF,0,0,0,0,0,0,0,0,0,0,0,0,0,0,0,0,0,0,0.001957,0.001957,0,0,0,0,1,0,0,0.015686,0.015686,1,0,0.62469,0,0,0,0,0,normal.,null,{mixture}
0.000381,tcp,ftp_data,SF,0.00011,0,0,0,0,0,0,0,0,0,0,0,0,0,0,0,0,0,0.001957,0.001957,0,0,0,0,1,0,0,0.003922,0.070588,1,0,1,1,0,0,0,0,ipsweep.,null,{mixture}
0,icmp,ecr_i,SF,0,0,0,0,0,0,0,0,0,0,0,0,0,0,0,0,0,0,0.001957,0.001957,0,0,0,0,1,0,0,0.278431,0.278431,1,0,1,0,0,0.98756,0,0,normal.,null,{mixture}
0,tcp,http,SF,0,0.000005,0,0,0,0,0,0,0,0,0,0,0,0,0,0,0,0,0.033268,0.031311,0.71635,0,0,0,0.94,0.12,0,1,0.105882,0.11,0.59,0.44,0,0.01,0,0.52,0,normal.,null,{mixture}
0,icmp,eco_i,SF,0,0,0,0,0,0,0,0,0,0,0,0,0,0,0,0,0,0,0.001957,0.001957,0,0,0,0,1,0,0,0.003922,0.105882,1,0,1,1,0,0,0,0,normal.,null,{mixture}
0.002322,tcp,IRC,SF,0.000005,0.000194,0,0,0,0,0,0,0,0,0,0,0,0,0,0,0,0,0.001957,0.001957,0,0,0,0,1,0,0,0.152941,0.066667,0.44,0.05,0.03,0,0.03,0.06,0.33,0.7302,ipsweep.,null,{mixture}
0,icmp,eco_i,SF,0,0,0,0,0,0,0,0,0,0,0,0,0,0,0,0,0,0,0.001957,0.001957,0,0,0,0,1,0,0,0.66731,0.078431,1,0,1,1,0,0,0,0.76,xlock.,null,{mixture}
0,icmp,eco_i,SF,0,0,0,0,0,0,0,0,0,0,0,0,0,0,0,0,0,0,0.001957,0.001957,0,0,0,0,1,0,0,0.003922,0.176471,1,0,1,0.82491,0,0,0,0,normal.,null,{mixture}
0,udp,domain_u,SF,0.000001,0.000008,0,0,0,0,0,0,0,0,0,0,0,0,0,0,0,0,0.001957,0.001957,0,0,0,0,1,0,0,0.003922,0.372549,1,0,1,1,0,0,0,0,ipsweep.,null,{mixture}
0,tcp,ftp_data,SF,0.000001,0,0,0,0,0,0,0,0,0,0,0,0,0,0,0,0,0,0.027397,0.027397,0,0,0,0,1,0,0,0.247059,0.117647,0.32,0.1,0.32,0.07,0.06,0,0.43119,0,normal.,null,{mixture}
0,udp,private,SF,0,0,0,0,0,0,0,0,0,0,0,0,0,0,0,0,0,0,0.011742,0.003914,0,0,0,0,0.33,0.5,0,1,0.007843,0.01,0.97,0.65482,0,0,0,0,0,normal.,null,{mixture}
0,udp,domain_u,SF,0.000001,0.000007,0,0,0,0,0,0,0,0,0,0,0,0,0,0,0,0,0.001957,0.001957,0,0,0,0,1,0,0,0.678431,0.360784,0.47,0.1,0.01,0.02,0.01,0,0,0,normal.,null,{mixture}
0,udp,domain_u,0,0.000001,0.000022,0,0,0,0,0,0,0,0,0,0,0,0,0,0,0,0,0.001957,0.003914,0,0,0,0,1,0,1,1,0.011765,0.01,0.25,1,0,0,0,0,0,normal.,null,{mixture}
0,udp,private,SF,0,0,0,0,0,0,0,0,0,0,0,0,0,0,0,0,0,0,0.02544,0.023483,0,0,0,0,1,0,0,0.003922,0.090196,1,0,1,1,0,0,0,0,ipsweep.,null,{mixture}
0,icmp,eco_i,SF,0,0,0,0,0,0,0,0,0,0,0,0,0,0,0,0,0,0,0.001957,0.001957,0,0,0,0,0.92,0.15,0,1,0.07451,0.07,0.16,1,0,0,0.74002,0,0,normal.,null,{mixture}
0,icmp,eco_i,SF,0,0,0,0,0,0,0,0,0,0,0,0,0,0,0,0,0,0,0.003914,0.003914,0,0,0.35673,0,1,0,0,1,0.011765,0.01,0.01,0.01,0,0,0,0,0,normal.,null,{mixture}
0,icmp,eco_i,SF,0,0,0,0,0,0,0,0,0,0,0,0,0,0.00314,0,0,0,0,0.001957,0.001957,0,0,0,0,1,0,0,0.003922,0.411765,1,0,1,1,0,0,0,0,ipsweep.,null,{mixture}
0,udp,domain_u,SF,0.000001,0.000021,0,0,0,0,0,0,0,0,0,0.00202,0,0,0,0,0,0,0.001957,0.003914,0,0,0,0,1,0,0,0.043137,0.043137,1,0,0.09,0,0,0,0,0,normal.,null,{mixture}
0,udp,domain_u,SF,0.000001,0.000022,0,0,0,0,0,0,0,0,0,0,0,0,0,0,0,0,0.003914,0.003914,0,0,0,0,1,0,0,0.443137,0.180392,0.28,0.16,0.4,0.04,0.01,0.02,0,0,normal.,null,{mixture}
0,udp,domain_u,SF,0.000001,0.000022,0,0,0,0,0,0,0,0,0,0,0,0,0,0,0,0,0.015656,0.015656,0,0,0,0,1,0,0,1,0.02373,0.04,0.02,0.04,0,0,0,0,0,normal.,null,{mixture}
0,udp,domain_u,SF,0.000001,0.000008,0,0,0,0,0,0,0,0,0,0,0,0,0,0,0,0,0.009785,0.009785,0,0,0,0,1,0,0,0.129412,0.905882,0.55,0.06,0.55,0.01,0.03,0,0,0,normal.,null,{mixture}
0,tcp,http,SF,0.000005,0.002452,0,0,0,0,0,1,0,0,0,0,0,0.00804,0,0,0,0,0.013699,0.015656,0,0,0,0,1,0,0,0.607843,0.12549,0.21,0.12,0.01,0,0.01,0,0,0,normal.,null,{mixture}
0,icmp,eco_i,SF,0,0,0,0,0,0,0,0,0,0,0,0,0,0,0,0,0,0,0.001957,0.001957,0,0,0,0,1,0,0,1,0.003922,0,0.03,0.97606,0,0,0,0,0,normal.,null,{mixture}
0,tcp,finger,SF,0,0.00007,0,0,0,0,0,0,0,0,0,0,0,0,0,0,0,0,0.001957,0.001957,0,0,0,0,1,0,0,0.003922,0.168627,1,0,0.0667,1,0,0,0,0,ipsweep.,null,{mixture}
0,icmp,eco_i,SF,0,0,0,0,0,0,0,0,0,0,0,0,0,0,0,0,0,0,0.001957,0.001957,0,0,0,0,1,0,0,0.003922,0.462745,1,0,1,1,0,0,0,0,normal.,null,{mixture}
0,udp,domain_u,SF,0,0,0,0,0,0,0,0,0,0,0,0,0,0,0,0,0,0.8048,0.003914,0.001957,0,0,0,0,0.5,1,0,0.152941,0.027451,0.18,0.08,0.18,0,0,0,0.08,0,normal.,null,{mixture}
0,tcp,smtp,SF,0.000035,0.000092,0,0,0,0,0,1,0,0,0,0,0,0,0,0,0,0,0.001957,0.001957,0,0,0,0,1,0,0,1,0.023529,0.02,0.02,0.54786,0,0,0,0,0,normal.,null,{mixture}
0,udp,domain_u,SF,0.000001,0.000022,0,0,0,0,0,0,0,0.8275,0,0,0,0,0,0,0,0,0.003914,0.001957,0,0,0,0,1,0,0,1,0.007843,0.01,0.02,0,0,0,0,0,0,normal.,null,{mixture}
0,udp,domain_u,SF,0.000001,0.000008,0,0,0,0,0,0,0,0,0,0,0,0,0,0,0,0,0.003914,0.001957,0,0.90175,0,0,0.5,1,0,0.682353,0.219608,0.32,0.03,0.32,0,0,0,0,0,normal.,null,{mixture}
0,tcp,http,SF,0.000005,0.00007,0,0,0,0,0,1,0.01548,0,0,0,0,0,0,0,0,0,0.015656,0.015656,0,0,0,0,1,0,0,1,0.007843,0.01,0.02,0,0,0,0,0,0,xlock.,null,{mixture}
0,tcp,http,SF,0.000005,0.01397,0,0,0,0,0,0,0,0,0,0,0,0,0,0,0,0,0.011742,0.046967,0,0,0,0,1,0,0.08,0.262745,0.082353,0.31,0.07,0.31,0,0,0,0,0,normal.,null,{mixture}
0,tcp,other,SF,0.000019,0,0,0,0,0,0,0,0,0,0,0,0,0,0,0,0,0,0.017613,0.001957,0,0,0,0,0.11,0.56,0,0.098039,0.003922,0.04,0.4,0.76,0,0,0,0,0,normal.,null,{mixture}
0,tcp,http,SF,0.000003,0.000064,0,0,0,0,0,0,0,0,0,0.00017,0,0,0,0,0,0,0.001957,0.001957,0,0,1,1,1,0,0,0.047059,0.015686,0.33,0.17,0.08,0,0,0,0.33,1,normal.,null,{mixture}
0,tcp,http,SF,0.000003,0.000007,0,0,0,0,0,0,0,0,0,0,0.0088,0,0,0,0,0,0.001957,0.003914,0,0,0,0,1,0,1,1,0.035294,0.04,0.05,0,0,0,0,0,0,normal.,null,{mixture}
0,tcp,http,SF,0.000003,0.000172,0,0,0,0,0,0,0,0,0,0,0,0,0,0,0,0,0.003914,0.003914,0,0,0,0,1,0,0,1,0.031373,0.03,0.02,0.03,0,0,0,0,0,normal.,null,{mixture}
0,tcp,http,SF,0.000003,0.001619,0,0,0,0,0,1,0,0,0,0,0,0,0,0,0,0,0.021526,0.003914,0,0,0,0,0.18,0.45,0,1,0.007843,0.01,0.70006,1,0,0,0,0,0,normal.,null,{mixture}
0,udp,domain_u,SF,0.00025,0,0,0,0,0,0,0,0,0,0,0,0,0,0,0,0,0,0.001957,0.001957,0,0,0,0,1,0,0,0.07451,0.184314,0.63,0.11,0.63,0.06,0,0,0.05,0,normal.,null,{mixture}
0,tcp,http,SF,0.000003,0.000389,0,0,0,0,0,1,0,0,0,0,0,0,0,0,0,0,0.003914,0.003914,0,0,0,0,1,0,0,0.270588,0.278431,0.33,0.26,0.52,0.03,0.01,0.01,0,0,normal.,null,{mixture}
0,tcp,http,SF,0.000004,0.00081,0,0,0,0,0,0,0,0,0,0,0,0,0,0,0,0,0.003914,0.017613,0,0,0,0,1,0,0.33,0.278431,0.176471,0.63,0.04,0.03,0,0,0,0,0,normal.,null,{mixture}
0,tcp,eco_i,SF,0,0,0,0,0,0,0,0,0,0,0,0,0,0,0.00108,0,0,0,0.001957,0.001957,0,0,0,0,1,0,0,0.003922,0.278431,1,0,1,1,0,0,0,0,ipsweep.,null,{mixture}
0,udp,domain_u,SF,0.000001,0.000021,0,0,0,0,0,0,0,0,0,0,0.0222,0,0,0,0,0,0.001957,0.003914,0,0,0,0,1,0,1,1,0.011765,0.01,0.02,0,0,0,0,0.01,0,normal.,null,{mixture}
0,tcp,http,SF,0.000003,0,0,0,0,0,0,0,0,0,0,0,0,0,0,0,0,0,0.001957,0.001957,0,0,0.88018,0,1,0,0,0.003922,0.227451,1,0,1,1,0,0,0,0,ipsweep.,null,{mixture}
0,tcp,0,SF,0.00025,0,0,0,0,0,0,0,0,0,0,0,0,0,0,0,0,0,0.013699,0.013699,0,0,0,0,1,0,0,0.878431,0.141176,0.16,0.03,0.16,0,0,0,0.01,0,normal.,null,{mixture}
0,tcp,http,SF,0.000003,0.000258,0,0,0,0,0,1,0,0,0,0,0,0,0,0,0,0.80304,0.056751,0.074364,0.03,0.03,0,0,1,0,0.11,1,0.05098,0.05,0.65,0.38,0,0.03,0,0.56,0,normal.,null,{mixture}
0,tcp,http,SF,0.000004,0.000303,0,0,0,0,0,0,0,0,0,0,0,0,0,0,0,0,0.027397,0.007828,0,0,0.0904,0,0.29,0.29,0,1,0.015686,0.02,0.16,1,0,0,0,0,0,normal.,null,{mixture}
0,tcp,http,0,0.000003,0.000263,0,0,0,0,0,1,0,0,0,0,0,0,0,0,0,0,0.003914,0.003914,0,0,0,0,1,0,0,0.137255,0.254902,0.06,0.11,0.06,0.03,0,0,0,0,normal.,null,{mixture}
0,udp,domain_u,SF,0.000001,0.000008,0,0,0,0,0,0,0,0,0,0,0,0,0,0,0,0,0.017613,0.001957,0,0,0,0,0.11,0.56,0,1,0.003922,0,0.36,0.73,0,0,0,0.24,0,normal.,null,{mixture}
0,tcp,http,SF,0.000004,0.001699,0,0,0,0,0.24374,1,0,0,0,0,0,0,0,0,0,0,0.001957,0.001957,0,0,0,0,1,0,0,0.027451,0.003922,0.14,0.29,0.14,0,0,0,0,0,named.,null,{mixture}
0,icmp,eco_i,SF,0,0,0,0,0,0,0,0,0,0.74385,0,0,0,0,0,0,0,0,0.001957,0.001957,0,0,0,0,1,0,0,0.003922,0.219608,1,0,1,1,0,0,0,0,ipsweep.,null,{mixture}
0,icmp,eco_i,SF,0,0,0,0,0,0,0,0,0,0,0,0,0,0,0,0,0,0.12903,0.001957,0.001957,0,0,0,0,1,0,0,0.003922,0.305882,1,0,1,1,0,0,0,0,ipsweep.,null,{mixture}
0,tcp,http,SF,0.000005,0.000451,0,0,0,0,0,1,0,0,0,0,0,0,0,0,0,0,0.017613,0.017613,0,0,0,0,1,0,0,0.4,0.121569,0.15,0.07,0.44559,0.06,0,0,0.03,0,normal.,null,{mixture}
0,udp,domain_u,SF,0.000001,0.000008,0,0,0,0,0,0,0,0,0,0,0,0,0,0,0,0,0.015656,0.04501,0,0,0,0,1,0,0.25,1,0.223529,0.22,0.02,0,0,0,0,0,0,normal.,null,{mixture}
0.048202,udp,other,SF,0.000002,0.00002,0,0,0,0,0,0,0,0,0,0,0,0,0,0,0,0,0.001957,0.001957,0,0,0,0,1,0,0,0.192157,0.023529,0.12,0.08,1,0,0.04,0.14473,0.72,0,normal.,null,{mixture}
0,udp,private,SF,0,0,0,0,0,0.05752,0,0,0,0,0,0,0,0,0,0,0,0,0.033268,0.011742,0,0,0,0,0.35,0.24,0,1,0.023529,0.02,0.8,0.21,0,0,0,0,0,snmpgetattack.,null,{mixture}
0,tcp,http,SF,0.000006,0.000068,0,0,0,0,0,0.55072,0,0,0,0,0,0,0,0,0,0,0.001957,0.001957,0,0,0,0,1,0,0,0.003922,0.086275,1,0,1,1,0,0,0,0,ipsweep.,null,{mixture}
0,tcp,http,SF,0.000003,0.000519,0,0,0,0,0,1,0,0,0,0,0,0,0,0,0,0,0.009785,0.011742,0,0,0,0,1,0,0,1,0.003922,0,0.01,0,0,0.27743,0,0,0,xlock.,null,{mixture}
0,udp,domain_u,SF,0.000001,0.000008,0,0,0,0,0,0,0,0,0,0,0,0,0,0,0,0,0.021526,0.035225,0,0,0,0,1,0,0.17,0.4,0.247059,0.62,0,0,0,0,0,0,0,normal.,null,{mixture}
0,tcp,ftp_data,SF,0.000014,0,0,0,0,0,0,0,0,0,0,0,0,0,0,0,0,0,0.013699,0.013699,0,0,0,0,1,0,0,1,0.035294,0.04,0.01,0,0,0.51857,0,0,0,normal.,null,{mixture}
0,tcp,auth,SF,0,0.000007,0,0,0,0,0,0,0,0,0,0,0,0,0,0,0,0.34502,0.001957,0.001957,0,0,0,0,1,0,0,0.160784,0.019608,0.05,0.41,0.02,0.4,0.01,0,0.42,0,normal.,null,{mixture}
0,udp,private,SF,0,0.000014,0,0,0,0,0,0,0,0,0,0,0,0,0,0,0,0,0.027397,0.015656,0,0,0,0,0.57,0.21,0,1,0.031373,0.03,0.52,0.53,0,0.02,0,0,0,normal.,null,{mixture}
0,tcp,auth,SF,0,0.000007,0,0,0,0.17279,0,0,0,0,0,0,0,0,0,0,0,0,0.001957,0.001957,0,0,0,0,1,0,0,0.290196,0.12549,0.43,0.05,0.43,0,0,0,0,0,normal.,null,{mixture}
0,tcp,ftp_data,SF,0.000026,0,0,0,0,0.12119,0,0,0,0,0,0,0,0,0,0,0,0,0.001957,0.001957,0,0,0,0,1,0,0,0.007843,0.019608,1,0,0.5,0.4,0,0,0,0,normal.,null,{mixture}
0,tcp,http,SF,0.000003,0.000177,0,0,0,0,0,1,0,0,0,0,0,0,0,0,0,0,0.001957,0.001957,0,0,0,0,1,0,0,0.219608,0.031373,0.14,0.11,0.02,0,0.02,0,0.09,0,normal.,null,{mixture}
0.012181,tcp,X11,SF,0.00091,0.006837,0,0,0,0,0,0,0,0,0,0,0,0,0,0,0,0,0.001957,0.001957,0,0,0,0,1,0.03793,0,0.003922,0.003922,1,0,1,0,0,0,0,0,normal.,null,{mixture}
0,tcp,smtp,SF,0.000019,0.000077,0,0,0,0,0.01033,1,0,0,0,0,0,0,0,0,0,0,0.001957,0.007828,0,0,0,0,1,0,1,1,0.019608,0.02,0.37,0,0,0,0,0,0,normal.,null,{mixture}
0,tcp,http,SF,0.000022,0,0,0,0,0,0,0,0,0,0,0,0,0,0,0,0,0,0.007828,0.009785,0,0,0,0,1,0,0.4,0.207843,0.078431,0.19,0.11,0.19,0.1,0.19088,0,0,0,normal.,null,{mixture}
0,tcp,smtp,SF,0.000024,0.000075,0,0,0,0,0,1,0,0,0,0,0,0,0,0,0,0,0.001957,0.001957,0,0,0,0,1,0,0,0.909804,0.027451,0.03,0.03,0,0.29,0,0,0.01,0,normal.,null,{mixture}
0,tcp,auth,SF,0,0.03943,0,0,0,0,0,0,0,0,0,0,0,0,0,0,0,0,0.001957,0.001957,0,0,0,0,1,0,0,1,0.043137,0.04,0.96,0,0,0,0,0.95,0.09,normal.,null,{mixture}
0,tcp,http,SF,0.000004,0.000053,0,0,0,0,0,1,0,0,0,0,0,0,0,0,0,0,0.009785,0.039139,0,0,0,0,0.58995,0,0,0.345098,0.062745,0.14,0.06,0.14,0.12,0,0,0.03,0,normal.,null,{mixture}
0,tcp,ftp_data,SF,0.000004,0,0,0,0,0,0,0.61312,0,0,0,0,0,0,0,0,0,0,0.003914,0.003914,0,0,0,0,1,0,0.1,1,0.301961,0.3,0.02,0,0,0,0,0,0,normal.,null,{mixture}
0,tcp,http,SF,0.000003,0.000122,0,0,0,0,0,1,0,0,0,0,0,0,0,0,0,0,0.021526,0.005871,0,0,0,0,0.27,0.45,0,1,0.011765,0.01,0.32,1,0,0,0,0,0,normal.,null,{mixture}
0,tcp,http,SF,0.000004,0.000092,0,0,0,0,0,1,0,0,0,0,0,0,0,0,0,0,0.029354,0.029354,0,0,0,0,1,0,0,0.64429,0.003922,0.2,0.6,0.2,0,0,0,0.4,0,named.,null,{mixture}
0,tcp,http,SF,0.000003,0.002526,0,0,0,0,0,1,0,0,0,0,0,0,0,0,0,0,0.001957,0.001957,0,0,0,0,1,0,0,0.14902,0.003922,0.03,0.11,0.03,0,0,0,0.13,0,normal.,null,{mixture}
0,udp,private,SF,0.000002,0.000028,0,0,0,0,0,0,0,0,0,0,0,0,0,0,0,0,0.003914,0.003914,0,0,0,0,1,0,0,0.156863,0.070588,0.45,0.05,0.03,0,0.03,0.06,0.32,0.72,normal.,null,{mixture}
0,tcp,http,SF,0.000004,0.004614,0,0,0,0,0,1,0,0,0,0,0,0,0,0,0,0,0.033268,0.033268,0,0,0,0,1,0,0,1,0.043137,0.04,0.03,0,0,0,0,0.02,0.04544,normal.,null,{mixture}
0,udp,domain_u,SF,0.000001,0.000021,0,0,0,0.009901,0,1,0,1,0,0.005695,0.01,0.2,0.25,0,1,0,0.001957,0.001957,0,0,0,0,1,0,0,1,0.007843,0.01,0.02,0,0,0,0,0,0,xsnoop.,null,{mixture}
0,tcp,0,SF,0.000004,0.000014,0,0,0,0,0,0,0,0,0,0,0,0,0,0,0,0,0.02544,0.021526,0,0,0,0,0.85,0.15,0,1,0.094118,0.09,0.45,0.61,0,0,0,0.36,0,normal.,null,{mixture}
0,tcp,http,0,0.000195,0,0,0,0,0,0,0,0,0,0,0,0,0,0,0,0,0,0.013699,0.013699,0,0,0,0,1,0,0,0.662745,0.07451,0.11,0.06,0.11,0,0,0,0.01,0,normal.,null,{mixture}
0,tcp,http,SF,0.000005,0.000482,0,0,0,0,0,0,0,0,0,0,0,0,0,0,0,0,0.001957,0.001957,0,0,0,0.44171,1,0,0,0.058824,0.058824,1,0,0.07,0,0,0,0,0,normal.,null,{mixture}
0,udp,domain_u,SF,0.000001,0.000008,0,0,0,0,0,0,0,0,0,0,0,0,0,0,0,0,0.027397,0.007828,0,0,0,0,0.29,0.21,0,0.37337,0.015686,0.02,0.15,1,0,0,0,0,0,normal.,null,{mixture}
0,udp,private,SF,0.000002,0.01461,0,0,0,0,0,0,0,0,0,0,0,0,0,0,0,0,0.011742,0.011742,0,0,0,0,1,0,0,1,0.341176,0.34,0.02,0,0,0,0,0,0,normal.,null,{mixture}
0,icmp,ecr_i,SF,0,0,0,0,0,0,0,0,0,0,0,0,0,0,0,0,0,0,0.003914,0.003914,0,0,0,0,1,0,0,1,0.023529,0.02,0.92,0.02,0,0,0,0.92,0,normal.,null,{mixture}
0,tcp,ftp_data,SF,0.000001,0,0,0,0,0,0,0,0,0,0,0,0,0,0,0,0,0,0.001957,0.001957,0,0,0,0,1,0,0,0.294118,0.294118,1,0,1,0,0,0,0,0,normal.,null,{mixture}
0,tcp,http,SF,0.000004,0.000632,0,0,0,0,0,1,0,0,0,0,0,0,0,0,0,0,0.005871,0.005871,0,0,0,0,1,0,0,0.137255,0.003922,0.03,0.14,0.03,0,0,0,0,0,normal.,null,{mixture}
0,tcp,http,SF,0.000003,0.000059,0,0,0,0,0,1,0,0,0,0,0.02151,0,0,0,0,0,0.009785,0.003914,0,0,0,0,0.67,0.67,0,0.34902,0.078431,0.02,0.08,0.02,0.1,0,0,0.03,0,normal.,null,{mixture}
0,udp,domain_u,SF,0.000001,0.01702,0,0,0,0,0,0,0,0,0,0,0,0,0,0,0,0,0.001957,0.001957,0,0,0,0,1,0,0,0.003922,0.388235,1,0,1,1,0,0,0,0,ipsweep.,null,{mixture}
0,udp,domain_u,SF,0.000001,0,0,0,0,0,0,0,0,0,0,0,0,0,0,0,0,0,0.001957,0.041096,0,0,0,0,1,0,0.14,0.105882,0.913725,0.52,0.07,0.52,0.01,0,0,0,0,normal.,null,{mixture}
0,tcp,http,SF,0.000003,0.000655,0,0,0,0,0,1,0,0,0,0,0,0,0,0,0,0,0.02544,0.023483,0,0,0,0,0.92,0.15,0,1,0.090196,0.09,0.85,0.16,0,0.04,0,0.77,0,normal.,null,{mixture}
0,tcp,ftp_data,SF,0.000003,0,0,0,0,0,0,0,0,0,0,0,0,0,0,0,0,0,0.003914,0.003914,0,0,0,0,1,0,0,0.007843,0.007843,1,0,0,0,0,0,0,0,normal.,null,{mixture}
0,tcp,time,SF,0,0.000001,0,0,0,0,0,0,0,0,0,0,0,0,0,0,0,0,0.001957,0.001957,0,0,0,0,1,0,0,0.019608,0.019608,1,0,0.2,0,0,0,0,0,normal.,null,{mixture}
0,udp,domain_u,SF,0.000001,0.000022,0,0,0,0,0,0,0,0,0,0,0,0,0,0,0,0,0.003914,0.011742,0,0,0,0,0.89,0.11,0,1,0.086275,0.09,0.61,0.42,0,0.02,0,0.53,0,normal.,null,{mixture}
0,udp,domain_u,0,0.000001,0.000008,0,0,0,0,0,0,0,0,0,0,0,0,0,0,0,0,0.017613,0.02544,0,0,0,0,1,0,0.15,0.521569,0.352941,0.68,0.03,0.02,0,0,0,0,0,normal.,null,{mixture}
0,udp,domain_u,SF,0.000001,0.000009,0,0,0,0,0,0,0,0,0,0,0,0,0,0,0,0,0.003914,0.003914,0,0,0,0,1,0,0,0.301961,0.129412,0.34,0.08,0.34,0.06,0,0,0,0,named.,null,{mixture}
0,udp,private,SF,0,0,0,0,0,0,0.09063,0,0,0,0,0,0,0,0,0,0,0,0.023483,0.021526,0,0,0,0,0.92,0.17,0,1,0.043137,0.04,0.17,1,0,0,0,0,0,normal.,null,{mixture}
0,tcp,ftp_data,SF,0.000003,0,0,0,0,0,0,0,0,0,0,0,0,0,0,0,0,0,0.003914,0.13444,0,0,0,0,1,0,0,0.168627,0.05098,0.3,0.09,0.3,0,0,0,0,0,normal.,null,{mixture}
0.000017,tcp,ftp_data,SF,0.000185,0,0,0,0,0,0,0,0,0,0,0,0,0,0,0,0,0,0.003914,0.003914,0,0,0,0,1,0,0,1,0.047059,0.16589,0.02,0.05,0,0.44556,0,0,0,normal.,null,{mixture}
0,tcp,domain_u,SF,0.000001,0.000022,0,0,0,0,0,0,0,0,0,0,0,0,0,0,0,0,0.003914,0.003914,0,0,0,0,1,0,0,0.345098,0.062745,0.14,0.06,0.14,0.12,0,0,0.03,0,normal.,null,{mixture}
0,tcp,http,SF,0.000006,0.000079,0,0,0,0,0,1,0,0,0,0,0,0,0,0,0,0,0.011742,0.011742,0,0,0,0,1,0,0,1,0.058824,0.06,0.01,0,0,0,0,0,0,normal.,null,{mixture}
0,tcp,http,SF,0.000004,0.001069,0,0,0,0,0,1,0,0,0,0,0,0,0,0,0,0,0.003914,0.003914,0,0,0,0,1,0.26268,0,0.619608,0.031373,0.05,0.06,0.05,0,0,0,0.01,0,normal.,null,{mixture}
0,tcp,http,SF,0.000004,0.004614,0,0,0,0,0,1,0,0,0,0,0,0,0,0,0,0,0.033268,0.033268,0,0,0,0,1,0,0,1,0.043137,0.04,0,1,0,0,0,0,0,smurf.,null,{mixture}
0,icmp,ecr_i,SF,0.000003,0,0,0,0,0,0,0.42789,0,0,0,0,0,0,0,0,0,0,0.003914,0.005871,0,0,0,0,1,0,0.67,0.184314,0.054902,0.09,0,0,0.01,0,0,0,0,normal.,null,{mixture}
0,icmp,ecr_i,SF,0.000016,0,0,0,0,0,0,0,0,0,0,0,0,0,0.48672,0,0,0,0.013699,0.021526,0,0,0,0,1,0,0.18,0.431373,0.266667,0.62,0.04,0.01,0,0,0,0,0,normal.,null,{mixture}
0,udp,domain_u,SF,0.000001,0.000008,0,0,0,0,0,0,0,0,0,0,0,0,0,0,0,0,0.007828,0.013699,0.09581,0,0,0,1,0,0.29,1,0.003922,0,0.71,0,0,0,0,0.69,0,xlock.,null,{mixture}
0,udp,domain_u,SF,0.000001,0.000008,0,0,0,0,0,0,0,0,0,0,0,0,0,0,0,0,0.017613,0.02544,0.44522,0,0,0,1,0,0,1,0.301961,0.3,0.02,0.31,0,0,0,0,0,smurf.,null,{mixture}
0,udp,private,SF,0.000004,0,0,0,0,0,0,0,0,0,0,0,0,0,0,0,0,0,0.003914,0.003914,0,0,0,0,1,0,0,0.619608,0.031373,0.05,0.06,0.05,0,0,0,0.01,0,normal.,null,{mixture}
0,tcp,ftp_data,SF,0,0.000014,0,0,0,0,0,0,0,0,0,0,0,0,0,0,0,0,0.027397,0.02544,0,0,0,0,0.93,0.14,0,1,0.066667,0.07,0.48,0.57,0,0.01,0,0.38,0,normal.,null,{mixture}
0,tcp,http,SF,0.000004,0,0,0,0,0.00819,0,0,0,0,0,0,0,0,0,0,0,0,0.02544,0.02544,0,0,0,0.78216,1,0,0,0.254902,0.090196,0.35,0.06,0.35,0,0,0,0,0,normal.,null,{mixture}
0,tcp,http,SF,0.000005,0.000052,0,0,0,0,0,1,0.00019,0,0,0,0,0,0,0,0,0.34502,0.001957,0.001957,0,0,0,0,1,0,0,0.160784,0.019608,0.05,0.41,0.02,0.4,0.01,0,0.42,0,normal.,null,{mixture}
0,udp,domain_u,SF,0.000001,0.000022,0,0,0,0,0,0,0,0,0,0,0,0,0,0,0,0,0.019569,0.019569,0,0,0,0,1,0,0,0.094118,0.192157,0.67,0.08,0.67,0.04,0,0,0,0,normal.,null,{mixture}
0,icmp,ecr_i,SF,0.000016,0,0,0,0,0,0,0,0,0,0,0,0,0,0,0,0,0,1,1,0,0,0,0,0.27,0.4,0,1,0.015686,0.02,0.69,0.35,0,0.03,0,0.6,0,normal.,null,{mixture}
0,udp,domain_u,SF,0.000001,0.000022,0,0,0,0,0,0,0,0,0,0,0,0,0,0,0,0,0.003914,0.003914,0,0,0,0,0.5,1,0,0.701961,0.188235,0.27,0.04,0.01,0,0.01,0.02,0.02,0,normal.,null,{mixture}
0,icmp,eco_i,SF,0,0.04291,0,0,0,0,0,0,0,0,0,0,0,0,0,0,0,0,0.003914,0.003914,0,0,0,0,1,0,0,0.160784,0.278431,0.2,0.1,0.2,0.03,0,0,0,0,normal.,null,{mixture}
0,tcp,other,SF,0.000019,0,0,0,0,0,0,0,0,0,0,0,0,0,0,0,0,0,0.017613,0.001957,0,0,0,0,0.11,0.56,0,0.098039,0.003922,0.04,0.4,0.76,0,0,0,0,0,smurf.,null,{mixture}
0,tcp,http,SF,0.000004,0.000053,0,0,0,0,0,1,0,0,0,0,0,0,0,0,0,0,0.009785,0.023483,0,0,0,0,0.92,0.15,0,1,0.090196,0.09,0.85,0.16,0,0.04,0,0.77,0,normal.,null,{mixture}
0,udp,private,SF,0,0,0,0,0,0,0,0,0,0,0,0,0,0,0,0,0,0,0.02544,0.039139,0,0,0,0,0.58995,0,0.16659,0.345098,0.062745,0.14,0.06,0.14,0.12,0,0,0.03,0,normal.,null,{mixture}
0,tcp,http,SF,0.000003,0.000389,0,0,0,0,0,0.30368,0,0,0,0,0,0,0,0,0,0,0.003914,0.003914,0,0,0,0,1,0,0,0.270588,0.278431,0.33,0.26,0.01,0,0,0,0,0,normal.,null,{mixture}
0,udp,private,SF,0,0,0,0,0,0,0,0,0,0,0,0,0,0,0,0,0,0,0.011742,0.003914,0,0,0,0,0.33,0.5,0,1,0.007843,0.01,0.97,0.02,0,0,0,0,0,normal.,null,{mixture}
0,tcp,smtp,SF,0.000019,0.000077,0,0,0,0,0,1,0,0,0,0,0,0,0,0,0,0,0.001957,0.007828,0,0,0,0,1,0,1,1,0.019608,0.02,0.37,0,0,0.06,0,0.89,0,normal.,null,{mixture}
0,udp,private,SF,0,0,0,0,0,0,0,0,0,0,0,0,0,0,0,0,0,0,0.021526,0.005871,0,0,0,0,1,0,0,0.160784,0.090196,0.56,0.05,0.02,0,0,0,0,0,normal.,null,{mixture}
0,tcp,smtp,SF,0.000031,0.000074,0,0,0,0,0,1,0,0,0,0,0,0,0,0,0,0,0.001957,0.001957,0,0,0,0,0.27,0.45,0,1,0.011765,0.01,0.32,1,0,0,0,0,0,normal.,null,{mixture}
0.007502,tcp,X11,SF,0.503705,0.039936,0,0,0,0,0,0,0,0,0,0,0,0,0,0,0,0,0.001957,0.001957,0,0,0,0,1,0,0,1,0.007843,1,0,1,0,0,0,0,0,smurf.,null,{mixture}
0,tcp,http,SF,0,0,0,0,0,0,0,0,0,0,0,0,0,0,0,0,0,0,0.017613,0.001957,0,0,0,0,0.11,0.56,0,1,0.003922,0,0.27,1,0,0,0,0,0,normal.,null,{mixture}
0,udp,private,SF,0.000003,0.000064,0,0,0,0,0,0,0,0,0,0.00017,0,0,0,0,0,0,0.001957,0.001957,0,0,1,1,1,0,0,0.047059,0.015686,0.33,0.17,0.08,0,0,0,0.33,1,normal.,null,{mixture}
0,udp,domain_u,SF,0.000001,0.000022,0,0,0,0,0,0,0,0,0,0,0,0,0,0,0,0,0.021526,0.035225,0,0,0,0,1,0,0.17,0.4,0.247059,0.62,0.04,0.01,0,0,0,0,0,normal.,null,{mixture}
0.017188,udp,other,SF,0.0836,0,0,0,0,0,0,0,0,0,0,0,0,0,0,0,0,0,0.037182,0.007828,0,0,0,0,0.21,0.21,0,1,0.015686,0.02,0.41,0.65,0,0,0,0,0,normal.,null,{mixture}
0,udp,private,SF,0.000002,0.00002,0,0,0,0,0,0,0,0,0,0,0,0,0,0,0,0,0.001957,0.001957,0,0,0,0,1,0,0,0.035294,0.015686,0.44,0.44,1,0,0,0,0,0,snmpgetattack.,null,{mixture}
0,icmp,ecr_i,SF,0.000016,0,0,0,0,0,0,0,0.01377,0,0,0,0,0,0,0,0,0,0.017613,0.001957,0,0,0,0,0.11,0.56,0,1,0.003922,0,0.36,0.73,0,0,0,0.24,0,normal.,null,{mixture}
0,udp,domain_u,SF,0.000001,0.000008,0,0,0,0,0,0,0,0,0,0,0,0,0,0,0,0,0.998043,0.998043,0,0,0,0,1,0,0,1,0.082353,0.08,0.02,0.09,0,0,0,0.884,0,smurf.,null,{mixture}
0,tcp,http,SF,0.000004,0.00081,0,0,0,0,0,0,0,0,0,0,0,0,0,0,0,0,0.013699,0.015656,0,0,0,0,1,0,0,0.607843,0.12549,0.21,0.12,0.01,0,0.01,0,0,0,normal.,null,{mixture}
0,icmp,ecr_i,SF,0.000016,0,0,0,0,0,0,0,0,0,0,0,0,0,0,0,0,0,0.003914,0.003914,0,0,0,0,1,0.78457,0.1,1,0.301961,0.3,0.02,0,0,0,0,0,0,normal.,null,{mixture}
0.003448,tcp,X11,SF,0.000893,0.00338,0,0,0,0,0,0,0,0,0,0,0,0,0,0,0,0,0.001957,0.001957,0,0,0,0,1,0,0,0.027451,0.003922,0.14,0.29,0.14,0,0,0,0,0,named.,null,{mixture}
0.004799,tcp,X11,SF,0.000982,0.007035,0,0,0,0,0,0.56197,0,0,0,0,0,0,0,0,0,0,0.001957,0.001957,0,0,0,0,1,0,0,1,0.003922,0,0.01,0,0,0,0,0,0,xlock.,null,{mixture}
0,udp,private,SF,0,0.000005,0,0,0,0,0.19355,0,0,0,0,0,0,0,0,0,0,0,0.02544,0.023483,0,0,0,0,0.92,0.15,0,1,0.05098,0.05,0.85,0.16,0,0.04,0,0.77,0,normal.,null,{mixture}
0,tcp,http,SF,0.000003,0.000655,0,0,0,0,0,1,0,0,0,0,0,0,0,0,0,0,0.02544,0.023483,0,0,0,0,0.92,0.15,0,1,0.090196,0.09,0.65,0.38,0,0.03,0,0.56,0,normal.,null,{mixture}
0,udp,domain_u,SF,0.000001,0.000008,0,0,0,0,0,0,0,0,0,0,0,0,0,0,0,0,0.021526,0.003914,0,0,0,0,0.18,0.45,0,1,0.007843,0.01,0.70006,1,0,0,0,0,0,normal.,null,{mixture}
0,icmp,ecr_i,SF,0.000016,0,0,0,0,0,0,0,0,0,0,0,0,0,0,0,0,0,0.001957,0.001957,0,0,0,0,1,0,0,0.556863,0.364706,0.44,0.13,0.01,0.02,0.01,0,0,0,normal.,null,{mixture}
0,udp,domain_u,SF,0.000001,0.000008,0,0,0,0,0,0,0,0,0,0,0,0,0,0,0,0.08198,0.001957,0.003914,0,0,0,0,1,0,1,0.231373,0.337255,0.27,0.29,0.02,0.02,0.02,0,0,0,normal.,null,{mixture}
0.000295,tcp,IRC,SF,0.000002,0.000211,0,0,0,0,0,0,0,0,0,0.02757,0,0,0,0,0,0,0.001957,0.005871,0,0,0,0,1,0,1,1,0.035294,0.04,0.36,0,0,0,0,0,0,normal.,null,{mixture}
0,tcp,http,SF,0.000004,0.001699,0,0,0,0,0.24374,1,0,0,0,0,0,0,0,0,0,0,0.001957,0.001957,0,0,0,0,1,0,0,0.027451,0.003922,0.14,0.29,0.14,0,0,0,0,0,normal.,null,{mixture}
0,tcp,http,SF,0.000003,0.003091,0,0,0,0,0,1,0,0,0,0,0,0.2909,0,0,0,0,0.029354,0.029354,0,0,0,0,1,0,0,0.64429,0.003922,0.2,0.6,0.2,0,0,0,0.4,0,named.,null,{mixture}
0,tcp,ftp_data,SF,0.002221,0,0,0,0,0,0,0,0,0,0,0,0,0,0,0,0,0,0.001957,0.001957,0,0,0,0,1,0,0,0.160784,0.278431,0.2,0.1,0.2,0.03,0,0,0,0,normal.,null,{mixture}
0,tcp,ftp_data,SF,0.00025,0,0,0,0,0,0,0,0,0,0,0,0,0,0,0,0,0,0.003914,0.003914,0,0,0,0,1,0,0,0.011765,0.003922,0.33,0.67,0.33,0,0,0,0.67,0,named.,null,{mixture}
0,icmp,eco_i,SF,0,0,0,0,0,0,0,0,0,0,0,0,0,0,0,0,0,0.22584,0.005871,0.001957,0,0,0,0,0.33,0.67,0,1,0.007843,0.01,0.01,0.01,0,0,0,0,0,normal.,null,{mixture}
0,icmp,ecr_i,SF,0.000016,0,0,0,0,0,0,0,0,0,0,0,0,0,0,0,0,0,0.011742,0.003914,0,0,0,0,0.33,0.5,0,1,0.007843,0.01,0.97,0.65482,0,0.62019,0,0,0,normal.,null,{mixture}
0,icmp,ecr_i,SF,0.000016,0,0,0,0,0,0,0,0,0,0,0.02295,0,0,0,0,0,0,0.998043,0.998043,0,0,0,0,1,0,0,1,0.035294,0.04,0.02,0.04,0,0,0,0,0,normal.,null,{mixture}
0,icmp,ecr_i,SF,0.000016,0,0,0,0,0,0,0,0,0,0,0,0,0,0,0,0,0,0.765166,0.765166,0,0,0,0,1,0,0,0.321569,0.196078,0.61,0.05,0.01,0,0,0,0.02,0.04,normal.,null,{mixture}
0,udp,domain_u,SF,0.000001,0.000008,0,0,0,0,0,0,0,0,0,0,0,0,0,0,0,0,0.017613,0.001957,0,0,0,0,0.11,0.56,0,1,0.003922,0,0.16034,0.05,0,0.04,0,0.88,0,normal.,null,{mixture}
0,icmp,ecr_i,SF,0.000003,0,0,0,0,0,0,0,0,0,0,0,0,0,0,0,0,0,0.003914,0.003914,0,0,0,0,1,0,0,0.270588,0.278431,0.33,0.26,0.52,0.03,0.01,0.01,0,0,normal.,null,{mixture}
0,udp,domain_u,SF,0.000001,0.000022,0,0,0,0,0,0,0,0,0,0,0,0,0,0,0,0,0.001957,0.001957,0,0,0,0,1,0,0,0.831373,0.84543,0.24,0.03,0.24,0.04,0,0,0.01,0,normal.,null,{mixture}
0,tcp,smtp,SF,0.000012,0.000063,0,0,0,0,0,1,0,0,0,0,0,0,0,0,0,0,0.001957,0.001957,0,0,0,0,1,0,0,0.019608,0.003922,0.2,0.6,0.2,0,0.28046,0,0.4,0,named.,null,{mixture}
0,tcp,other,SF,0,0,0,0,0,0,0,0,0,0,0,0,0,0,0.19388,0,0,0,0.001957,0.001957,0,0,0,0,1,0,0,0.47451,0.298039,0.63,0.04,0.01,0,0,0,0,0,normal.,null,{mixture}
0,tcp,ftp_data,SF,0.000076,0,0,0,0,0,0,0,0,0,0,0,0,0,0,0,0,0,0.013699,0.013699,0,0,0,0,1,0,0,0.662745,0.07451,0.11,0.06,0.11,0,0,0,0.01,0,normal.,null,{mixture}
0,tcp,http,SF,0.000004,0.000579,0,0,0,0,0,1,0,0,0,0,0,0,0,0,0,0,0.001957,0.009785,0,0,0,0,1,0,0.4,1,0.058824,0.06,0.02,0,0,0,0,0,0,smurf.,null,{mixture}
0,icmp,ecr_i,SF,0.000016,0,0,0,0,0,0,0,0,0,0,0,0,0,0,0,0,0,0.001957,0.003914,0,0,0,0,1,0,1,0.188235,0.109804,0.58,0.08,0.02,0,0,0,0.04,0.07,normal.,null,{mixture}
0,udp,private,SF,0,0,0,0,0,0,0,0,0,0,0,0,0,0,0,0,0,0,0.55963,0.023483,0,0,0,0,0.92,0.15,0,1,0.07451,0.07,0.16,1,0,0,0,0,0,smurf.,null,{mixture}
0,tcp,http,SF,0.000003,0.000886,0,0,0,0,0,0,0,0,0,0,0,0,0.23072,0,0,0,0.001957,0.001957,0,0,0,0,1,0,0,0.282353,0.235294,0.38,0.04,0.38,0,0,0,0,0.14141,normal.,null,{mixture}
0,tcp,http,SF,0.000004,0.000303,0,0,0,0,0,0,0,0,0,0,0,0,0,0,0,0,0.027397,0.007828,0,0,0.0904,0,0.29,0.29,0,1,0.10525,0.02,0.16,1,0.03,0,0,0.06,0,normal.,null,{mixture}
0,icmp,ecr_i,SF,0.000016,0.000008,0,0,0,0,0,0,0,0,0,0,0,0,0,0,0,0,0.003914,0.005871,0.87713,0,0,0,1,0,0.67,0.490196,0.321569,0.66,0.03,0.01,0,0,0,0,0,normal.,null,{mixture}
0,udp,domain_u,SF,0.000001,0.000021,0,0,0,0,0,0,0,0,0,0,0,0,0,0,0,0,0.023483,0.021526,0,0,0,0,0.92,0.17,0,1,0.043137,0.04,0.17,1,0,0,0,0,0,normal.,null,{mixture}
0,udp,private,SF,0,0,0,0,0,0,0.09063,0,0,0.74412,0,0,0,0,0,0,0,0,0.001957,0.001957,0,0,0,0,1,0,0,0.160784,0.090196,0.56,0.05,0.02,0,0,0,0,0,normal.,null,{mixture}
0,icmp,ecr_i,SF,0.000016,0,0,0,0,0,0,0,0.00743,0,0,0,0,0,0,0,0,0,0.003914,0.003914,0,0,0,0,1,0,0,0.384314,0.384314,1,0,1,0,0,0,0,0,normal.,null,{mixture}
0,udp,private,SF,0.04301,0,0,0,0,0,0,0,0,0,0,0,0,0,0,0,0,0,0.035225,0.031311,0,0,0,0,0.89,0.11,0,1,0.086275,0.09,0,1,0,0,0,0,0,normal.,null,{mixture}
0,tcp,ftp_data,SF,0.000001,0,0,0,0,0,0,0,0,0,0,0,0,0,0,0,0,0,0.001957,0.001957,0,0,0,0,1,0,0,0.294118,0.294118,1,0.73,0.28,0,0.03,0,0.66,0,normal.,null,{mixture}
0,icmp,ecr_i,SF,0,0.000005,0,0,0,0,0,0,0,0,0,0,0,0,0,0,0,0,0.035225,0.031311,0,0,0,0,0.89,0.11,0,1,0.086275,0.09,0.61,0.42,0,0.02,0,0.53,0,normal.,null,{mixture}
0,icmp,ecr_i,SF,0.000016,0,0,0,0,0,0,0,0,0,0,0,0,0,0,0,0,0,0.692759,0.005871,0,0,0,0,1,0,1,0.294118,0.156863,0.53,0.07,0.01,0,0,0,0,0,normal.,null,{mixture}
0,icmp,ecr_i,SF,0,0,0,0,0,0,0,0,0,0,0,0,0,0,0,0,0,0,0.001957,0.001957,0,0,0,0,1,0,0,0.278431,0.278431,1,0,1,0,0,0,0,0,smurf.,null,{mixture}
0,udp,private,SF,0,0.000005,0,0,0,0,0,0,0,0,0,0,0,0,0,0,0,0,0.027397,0.027397,0,0,0,0,1,0,0,0.247059,0.117647,0.32,0.1,0.32,0.07,0,0,0,0,normal.,null,{mixture}
0,tcp,ftp_data,SF,0.000001,0,0,0,0,0,0,0,0,0,0,0,0,0,0,0,0,0.28844,0.029354,0.007828,0,0,0,0,0.27,0.4,0,1,0.015686,0.02,0.69,0,0,0,0,0,0,normal.,null,{mixture}
0,tcp,other,SF,0.000019,0,0,0,0,0,0,0,0,0,0,0,0,0,0,0,0,0,0.017613,0.001957,0,0,0,0,0.11,0.56,0,1,0.286275,0.72652,0.02,0.29,0,0,0,0,0,smurf.,null,{mixture}
0,icmp,ecr_i,SF,0.000016,0,0,0,0,0,0,0,0,0,0,0,0,0,0,0,0,0,0.998043,0.998043,0,0,0,0,1,0,0,0.098039,0.003922,0.04,0.4,0.76,0,0,0,0,0,normal.,null,{mixture}
0,tcp,ftp_data,SF,0.000011,0,0,0,0,0,0,0,0,0,0,0,0,0,0,0,0,0,0.001957,0.001957,0,0,0,0,1,0,0,0.156863,0.309804,0.3,0.1,0.3,0.03,0,0,0.1,0,normal.,null,{mixture}
0,tcp,ftp_data,SF,0.000014,0,0,0,0,0,0,0,0,0,0,0,0,0,0,0,0,0,0.013699,0.013699,0,0,0,0,1,0,0,1,0.035294,0.04,0.01,0,0,0.51857,0,0,0,normal.,null,{mixture}
0,udp,domain_u,0,0.000001,0.000008,0,0,0,0,0,0,0,0,0,0,0,0,0,0,0,0,0.003914,0.003914,0,0,0,0,1,0,0,0.137255,0.254902,0.06,0.11,0.06,0.03,0,0,0,0,normal.,null,{mixture}
0,icmp,ecr_i,SF,0.000016,0,0,0,0,0,0,0,0,0,0,0,0,0,0,0,0,0,0.027397,0.007828,0,0,0,0,0.29,0.21,0,0.37337,0.14299,0.02,0.15,1,0,0,0,0,0,normal.,null,{mixture}
0,icmp,ecr_i,SF,0.000016,0,0,0,0,0,0,0,0,0,0,0,0,0,0,0,0,0,0.001957,0.001957,0,0,0,0,1,0,0,0.019608,0.019608,1,0,0.2,0,0.09246,0,0,0,normal.,null,{mixture}
0,tcp,http,SF,0.000003,0.000177,0,0,0,0,0,1,0,0,0,0,0,0,0,0,0,0,0.001957,0.001957,0,0,0,0,1,0,0.799,0.219608,0.031373,0.14,0.11,0.02,0,0.02,0,0.09,0,smurf.,null,{mixture}
0,tcp,http,SF,0.20279,0.000269,0,0,0,0,0,1,0,0,0,0.009112,0,0,0.25,0,0,0,0.001957,0.001957,0,0,0.42497,0,1,0,0,1,0.003922,0,0.01,0,0,0,0,0,0,xlock.,null,{mixture}
0.001923,tcp,telnet,SF,0.000005,0.029269,0,0,0,0,0,1,0.012563,0,0,0,0,0.02351,0,0,0,0,0.001957,0.001957,0,0,0,0,1,0,0,0.831373,0.211765,0.24,0.03,0.24,0.04,0,0,0.01,0,normal.,null,{mixture}
0,tcp,http,SF,0,0.00307,0,0,0,0,0,0,0,0,0,0,0,0,0,0,0,0,0.033268,0.031311,0.71635,0,0,0,0.94,0.12,0,1,0.105882,0.11,0.59,0.44,0,0.01,0,0.52,0,normal.,null,{mixture}
0,tcp,http,0,0.000004,0.000632,0,0,0,0,0,1,0,0,0,0,0,0,0,0,0,0,0.005871,0.005871,0,0,0,0,1,0,0,0.137255,0.003922,0.03,0.14,0.03,0,0,0,0,0,normal.,null,{mixture}
0.000017,tcp,smtp,SF,0.000027,0.000063,0,0,0,0,0,1,0,0,0,0,0,0,0,0,0,0,0.001957,0.005871,0,0,0,0,1,0,1,1,0.003922,0,0.36,0.73,0,0,0,0.24,0,normal.,null,{mixture}
0,udp,private,SF,0,0,0,0,0,0,0,0,0,0,0,0,0.02823,0,0,0,0,0,0.017613,0.001957,0,0,0,0,0.11,0.56,0,0.184314,0.121569,0.66,0.11,0.02,0,0,0,0,0,normal.,null,{mixture}
0.01225,tcp,domain,SF,0.000025,0.04166,0,0,0,0,0,0,0,0,0,0,0,0,0,0,0,0,0.001957,0.001957,0,0,0,0,1,0,0,1,0.003922,0,0.02,0,0,0,0,0,0,normal.,null,{mixture}
0,udp,domain_u,0,0.000001,0.000022,0,0,0,0,0,0,0,0,0,0,0,0,0,0,0,0,0.001957,0.001957,0,0,0,0,1,0,0,0.941176,0.396078,0.38,0.03,0,0.02,0.01,0,0.01,0.03,normal.,null,{mixture}
0,icmp,ecr_i,SF,0.000016,0,0,0,0,0,0,0,0,0,0,0,0,0,0,0,0,0,0.2818,0.2818,0,0,0,0,1,0,0,1,0.380392,0.38,0.02,0.38,0,0,0,0,0,smurf.,null,{mixture}
0,icmp,ecr_i,SF,0.40618,0,0,0,0,0,0,0,0,0,0,0,0,0,0.25,0,0,0,0.003914,0.005871,0,0,0,0,1,0,0.67,0.792157,0.215686,0.27,0.02,0.27,0,0,0.39147,0,0,normal.,null,{mixture}
0,tcp,ftp_data,SF,0.00056,0,0,0,0,0,0,0,0,0,0,0,0,0,0,0,0,0,0.019569,0.019569,0,0,0,0,1,0,0,0.360784,0.25869,0.43,0.07,0.43,0.05,0,0,0,0,normal.,null,{mixture}
0,udp,domain_u,SF,0.00025,0,0,0,0,0,0,0,0,0,0,0,0,0,0,0,0,0,0.001957,0.001957,0,0,0,0,1,0,0.89476,0.07451,0.184314,0.63,0.11,0.63,0.06,0,0,0.05,0,normal.,null,{mixture}
0,icmp,ecr_i,SF,0.25443,0,0,0,0,0,0,0,0,0,0,0,0,0,0,0,0,0,0.011742,0.046967,0,0,0,0,1,0,0.08,0.262745,0.082353,0.31,0.07,0.31,0,0,0,0,0,normal.,null,{mixture}
0,tcp,http,0,0.000004,0.000223,0,0,0,0,0,0,0,0,0,0,0,0,0,0,0,0,0.005871,0.015656,0,0,0,0,1,0,0,1,0.02373,0.04,0.02,0.04,0,0,0,0,0,normal.,null,{mixture}
0,udp,private,SF,0,0.000014,0,0,0,0,0,0,0,0,0,0,0,0,0,0,0,0,0.027397,0.015656,0,0,0,0,0.57,0.21,0,1,0.031373,0.03,0.52,0.53,0.07386,0.02,0,0,0,normal.,null,{mixture}
0,icmp,ecr_i,SF,0,0,0,0,0,0,0,0,0,0,0,0,0,0,0,0,0,0,0.001957,0.001957,0,0,0,0,1,0,0,0.278431,0.278431,1,0.12809,1,0,0,0.98756,0,0,normal.,null,{mixture}
0,tcp,ftp_data,SF,0.000014,0,0,0,0,0,0,0,0,0.59196,0,0,0,0,0,0,0,0,0.001957,0.001957,0,0,0,0,1,0,0,0.482353,0.360784,0.39,0.15,0.01,0.02,0.01,0,0,0,normal.,null,{mixture}
0,tcp,ftp_data,SF,0.00001,0,0,0,0,0,0,0,0,0,0,0,0,0,0,0,0,0,0.003914,0.001957,0,0,0,0,0.5,1,0,1,0.007843,0.01,0.02,0,0,0,0,0,0,normal.,null,{mixture}
0.00104,tcp,telnet,SF,0.000002,0.000034,0,0,0,0,0.25,0,0,0,0,0,0,0,0,0,0,0,0.001957,0.001957,0,0,0,0,1,0,0,0.682353,0.219608,0.32,0.03,0.32,0,0,0,0,0,normal.,null,{mixture}
0,tcp,auth,SF,0.16929,0.000007,0,0,0,0,0,0,0,0,0,0,0,0,0,0,0,0,0.001957,0.001957,0,0,0,0,1,0,0,1,0.082353,0.08,0.02,0,0,0,0,0,0,normal.,null,{mixture}
0,tcp,ftp_data,SF,0.000011,0,0,0,0,0,0.14169,1,0,0,0,0,0,0,0,0,0,0,0.001957,0.001957,0,0,0.65679,0,1,0,0,0.219608,0.019608,0.05,0.3,0.02,0.4,0.02,0,0,0,normal.,null,{mixture}
0,tcp,ftp_data,SF,0.000002,0,0,0,0,0,0,0,0,0,0,0.01782,0,0,0,0,0,0,0.015656,0.015656,0,0,0,0,1,0,0,0.556863,0.2,0.3,0.03,0.3,0.04,0,0,0,0,smurf.,null,{mixture}
0.000485,tcp,ftp,SF,0.000014,0.000497,0,0,0,0.178218,0,1,0,0,0,0,0,0,0,0,0,0,0.027397,0.023483,0,0,0,0,0.86,0.14,0,1,0.066667,0.07,0.24,0.88,0,0,0,0.09,0,normal.,null,{mixture}
0,udp,private,SF,0,0.000001,0,0,0,0,0,0,0,0,0,0,0,0,0,0,0,1,0.001957,0.001957,0,0,0,0,1,0,0,0.156863,0.015686,0.1,0.43,0.03,0,0.03,0,0,0,normal.,null,{mixture}
0.015577,tcp,domain,RSTO,0.000025,0,0,0,0,0,0,0,0,0,0,0,0,0,0,0,0,0,0.001957,0.001957,0,0,1,0.65249,1,0,0,0.007843,0.007843,1,0,0.5,0,0,0,0.01,0,normal.,null,{mixture}
0,tcp,ftp_data,SF,0.00025,0,0,0,0,0,0,0,0,0,0,0,0,0,0,0,0,0,0.013699,0.013699,0,0,0,0,1,0,0,0.878431,0.141176,0.16,0.03,0.16,0,0,0,1,1,named.,null,{mixture}
0,tcp,0,SF,0.000004,0.000014,0,0,0,0,0,0,0,0,0,0,0,0,0,0,0,0,0.02544,0.021526,0,0,0,0,0.85,0.15,0,1,0.015686,0.06,0.11,0.02,0,0.82194,0,0,0,normal.,null,{mixture}
0.015577,tcp,domain,RSTO,0.000025,0.000063,0,0,0,0,0,1,0,0,0,0,0,0,0.32342,0,0,0,0.001957,0.001957,0,0,0,0,1,0,0,0.258824,0.094118,0.09,0.45,0.61,0,0,0,0.36,0,normal.,null,{mixture}
0,tcp,ftp_data,SF,0.000026,0,0,0,0,0,0,0,0,0,0,0,0,0,0,0,0,0,0.001957,0.001957,0,0,0,0,1,0,0.08,0.262745,0.082353,0.31,0.07,0.31,0,0,0,0,0,normal.,null,{mixture}
0,tcp,ftp_data,SF,0.000163,0,0,0,0,0,0,0.17401,0,0,0,0,0,0,0,0,0,0,0.011742,0.046967,0,0,0,0,1,0,0,0.290196,0.12549,0.43,0.05,0.43,0,0,0,0,0,normal.,null,{mixture}
0,tcp,http,SF,0.000005,0.000482,0,0,0,0,0,0,0,0,0,0,0,0,0,0,0,0,0.60953,0.003914,0,0,0,0,1,0,0,0.015686,0.007843,0.5,0.5,0.5,0,0,0,0.5,0,named.,null,{mixture}
0,tcp,ftp_data,SF,0.000008,0,0,0,0,0,0,0,0,0,0,0,0,0,0,0,0,0,0.001957,0.001957,0,0,0,0.44171,0.94028,0,0,0.058824,0.058824,1,0,0.07,0,0,0,0,0,normal.,null,{mixture}
0,udp,domain_u,SF,0.000001,0.000008,0,0,0,0,0,0,0,0,0,0,0,0,0,0,0,0,0.023483,0.033268,0,0,0,0,1,0.13581,0.12,1,0.031373,0.03,0.01,0.01,0,0,0,0,0,normal.,null,{mixture}
0,tcp,ecr_i,SF,0,0,0,0,0,0,0,0,0,0,0,0,0,0,0,0,0,0,0.003914,0.003914,0,0,0,0,1,0,0,1,0.023529,0.02,0.92,0.02,0,0,0,0.92,0,normal.,null,{mixture}
0,icmp,ftp_data,SF,0.000118,0,0,0,0,0,0,0,0,0,0,0,0,0,0,0,0,0,0.017613,0.017613,0.25025,0,0,0,1,0,0,0.4,0.121569,0.15,0.07,0.15,0.06,0,0,0.03,0,normal.,null,{mixture}
0,tcp,ftp_data,SF,0.000062,0,0,0,0,0,0,0,0,0,0,0,0.04924,0,0,0,0,0,0.001957,0.001957,0,0,0,0,1,0,0,0.203922,0.25098,0.17,0.1,0.17,0.03,0.02,0,0,0,smurf.,null,{mixture}
0,tcp,smtp,SF,0.000005,0.000194,0,0,0,0,0,0,0,0,0,0,0,0,0,0,0,0,0.001957,0.001957,0,0,0,0,1,0,0,0.152941,0.066667,0.44,0.05,0.03,0,0.03,0.06,0.33,0.76,xlock.,null,{mixture}
0,udp,domain_u,SF,0.000001,0.01036,0,0,0,0,0,0,0,0,0,0,0,0,0,0,0,0,0.003914,0.003914,0,0,0,0,1,0,0,0.211765,0.058824,0.13,0.07,0.13,0.13,0.02,0,0,0,normal.,null,{mixture}
0,tcp,ftp_data,SF,0.000012,0,0,0,0,0,0,0,0,0,0,0,0,0,0,0,0,0,0.001957,0.001957,0,0,0,0,1,0,0,0.678431,0.360784,0.47,0.1,0.01,0.02,0.10083,0,0,0,normal.,null,{mixture}
0,udp,domain_u,SF,0,0,0,0,0,0.05752,0,0,0,0,0,0,0,0,0.25618,0,0,0,0.033268,0.011742,0,0,0,0,0.35,0.24,0,1,0.023529,0.02,0.8,0.21,0,0,0,0,0,snmpgetattack.,null,{mixture}
0,udp,private,SF,0.000001,0,0,0,0,0.15529,0,0,0,0,0,0,0,0,0,0,0,0,0.001957,0.041096,0,0,0,0,1,0,0.14,0.105882,0.913725,0.52,0.07,0.52,0.01,0,0,0,0,normal.,null,{mixture}
0,udp,domain_u,SF,0.000001,0.000022,0,0,0,0,0,0,0,0,0,0,0,0,0,0,0,0,0.007828,0.017613,0,0,0,0,1,0,0.15,0.521569,0.352941,0.68,0.03,0.02,0,0,0,0,0,normal.,null,{mixture}
0,icmp,ecr_i,SF,0.000016,0,0,0,0,0,0,0,0,0,0,0,0,0.30609,0,0,0,0,0.011742,0.011742,0,0,0,0,1,0,0,1,0.058824,0.06,0.02,0.06,0,0,0,0,0,normal.,null,{mixture}
0,tcp,http,SF,0.000004,0.00007,0,0,0,0,0,1,0,0,0,0,0,0,0,0,0,0,0.029354,0.027397,0,0,0,0.63043,0.93,0.13,0,1,0.058824,0.06,0.76,0.08208,0,0.03,0,0.69,0,normal.,null,{mixture}
0,tcp,http,SF,0.000005,0.000145,0,0,0,0,0,0,0,0,0,0,0,0,0,0,0,0.86777,0.001957,0.001957,0,0,0,0,1,0,0,0.156863,0.309804,0.3,0.1,0.3,0.03,0,0,0.1,0,normal.,null,{mixture}
0,tcp,http,SF,0.000003,0.000059,0,0,0,0,0,1,0,0,0,0,0.04191,0,0,0,0,0,0.009785,0.003914,0,0,0,0,0.67,0.67,0,0.34902,0.078431,0.02,0.08,0.02,0.1,0,0,0,0,normal.,null,{mixture}
0,tcp,ftp_data,SF,0.000001,0,0,0,0,0,0,0,0,0,0,0,0,0,0,0,0,0,0.001957,0.001957,0,0,0,0,1,0,0,1,0.023529,0.02,0.92,0.02,0,0,0,0,0,multihop.,null,{mixture}
0.030772,tcp,telnet,SF,0.000049,0.010559,0,0,0,0.148515,0.25,1,0.017588,1,0,0.029613,0.05,0,1,0,0,0,0.001957,0.001957,0,0,0,0,1,0.20798,0,0.035294,0.007843,0.11,0.44,0.11,1,0,0,0.92,0,normal.,null,{mixture}
0,tcp,smtp,SF,0.000002,0.000077,0,0,0,0,0,1,0,0,0,0,0,0,0,0,0,0.80304,0.056751,0.074364,0.03,0.03,0,0,1,0,0.11,1,0.05098,0.05,0.65,0.38,0,0.03,0,0.56,0,normal.,null,{mixture}
0.048202,udp,other,SF,0.000002,0.00002,0,0,0,0,0,0,0,0,0,0,0,0,0,0,0,0,0.001957,0.001957,0,0,0,0,1,0,0,0.192157,0.023529,0.12,0.08,1,0,0.04,0.14473,0.72,0,smurf.,null,{mixture}
0,icmp,domain_u,SF,0.000001,0.000008,0,0,0,0,0,0,0,0,0,0,0,0,0,0,0,0,0.005871,0.017613,0,0,0,0,1,0,0.33,0.298039,0.184314,0.62,0.05,0.01,0,0,0.66026,0,0,normal.,null,{mixture}
0,icmp,ecr_i,SF,0.000016,0,0,0,0,0,0,1,0,0,0,0,0,0,0,0,0,0,0.001957,0.001957,0,0,0,0,1,0,0.24053,0.909804,0.027451,0.03,0.03,0,0.29,0,0,0.01,0,normal.,null,{mixture}
0,tcp,other,SF,0,0,0,0,0,0,0.06797,0,0,0,0,0,0,0,0,0,0,0,0.001957,0.001957,0,0,0,0,1,0,0,0.023529,0.67334,0.12,0.02,0,0,0,0,0,0,normal.,null,{mixture}
0,tcp,0,SF,0.000005,0.00047,0,0,0,0,0,1,0,0,0,0,0,0,0,0,0,0,0.001957,0.058708,0,0,0,0,1,0,0.13,1,0.007843,0.33,0.5,0.17,0,0,0,0.33,0,named.,null,{mixture}
0,icmp,ecr_i,SF,0.000016,0,0,0,0,0,0,0,0,0,0,0,0,0,0,0,0,0,0.013699,0.013699,0,0,0,0,1,0,0,1,0.180392,0.18,0.02,0,0,0,0,0,0,normal.,null,{mixture}
0,udp,domain_u,SF,0.000001,0.000022,0,0,0,0,0,0,0,0,0,0,0,0,0,0,0,0,0.003914,0.003914,0,0.44012,0,0,1,0,0,0.443137,0.180392,0.28,0.16,0.4,0.04,0.01,0.02,0,0,normal.,null,{mixture}
0,udp,domain_u,SF,0,0,0,0,0,0,0,0,0,0,0,0,0,0,0,0,0,0,0.033268,0.011742,0,0,0,0,0.35,0.24,0,1,0.023529,0.02,0.8,0.21,0,0.04,0,0.72,0,normal.,null,{mixture}
0,udp,private,SF,0.000001,0.000021,0,0,0,0.009901,0,0.89058,0,1,0,0.005695,0.01,0.2,0.25,0,1,0,0.001957,0.001957,0,0,0,0,1,0,0,1,0.007843,0.01,0.02,0,0,0,0,0,0,xsnoop.,null,{mixture}
0,udp,domain_u,SF,0.000001,0.000008,0,0,0,0,0,0,0,0,0,0,0,0,0,0,0,0,0.007828,0.009785,0,0,0,0,1,0,0.4,0.207843,0.078431,0.19,0.11,0.19,0.1,0.19088,0,0,0,normal.,null,{mixture}
0,icmp,ecr_i,SF,0.000016,0,0,0,0,0,0,0,0,0,0,0,0,0,0,0,0,0,0.011742,0.011742,0,0,0,0.79797,1,0,0,1,0.360784,0.36,0.02,0,0,0,0,0,0,normal.,null,{mixture}
0.000069,tcp,smtp,SF,0,0.000007,0,0,0,0.17279,0,0,0,0,0,0,0,0,0,0,0,0,0.001957,0.001957,0,0,0,0,1,0,0,0.290196,0.12549,0.43,0.05,0.43,0,0.34671,0,0,0,normal.,null,{mixture}
0.000087,tcp,telnet,SF,0.000003,0.000741,0,0,0,0,0,1,0,0,0,0,0,0,0,0,0,0,0.001957,0.001957,0,0,0,0,1,0,0,0.619608,0.07451,0.12,0,1,0,0,0,0,0,smurf.,null,{mixture}
0,icmp,ecr_i,SF,0.000016,0,0,0,0,0,0,0,0,0,0,0,0,0,0,0,0,0,0.001957,0.001957,0,0,0,0,1,0,0,0.043137,0.043137,1,0,0.09,0,0,0,0,0,normal.,null,{mixture}
0,udp,domain_u,SF,0.000001,0.000022,0,0,0,0,0,0,0,0,0,0,0,0,0,0,0,0,0.005871,0.005871,0,0,0,0,1,0,0,0.215686,0.05098,0.24,0.07,0.24,0,0,0,0,0,normal.,null,{mixture}
0,tcp,time,SF,0,0.00004,0,0,0,0,0,0,0,0,0,0,0,0,0,0,0,0,0.001957,0.001957,0,0,0,0,1,0.23173,0,1,0.003922,0,0.03,0,0,0,0,0.01,0,normal.,null,{mixture}
0,tcp,finger,SF,0,0.000001,0,0,0,0,0,0,0,0,0,0,0,0,0,0,0,0,0.001957,0.001957,0,0,0,0,1,0,0,0.023529,0.023529,1,0,0.17,0,0,0,0,0,normal.,null,{mixture}
0,udp,domain_u,SF,0.000001,0.000008,0,0,0,0,0,0,0,0,0,0,0,0,0,0,0,0,0.07687,0.005871,0,0,0,0,1,0,0.67,0.184314,0.054902,0.09,0.13,0.09,0.14,0,0,0,0,normal.,null,{mixture}
0,tcp,http,SF,0.000211,0,0,0,0,0,0,0,0,0,0,0,0,0,0,0,0,0,0.005871,0.005871,0,0.39419,0,0,1,0,0.1,1,0.360784,0.36,0.02,0,0,0,0,0,0,normal.,null,{mixture}
0,tcp,http,SF,0.000005,0.000619,0,0,0,0,0,1,0,0,0,0,0,0,0,0,0,0,0.005871,0.060665,0,0,0,0,1,0,0,0.215686,0.05098,0.24,0.07,0.24,0,0,0,0,0,normal.,null,{mixture}
0,tcp,smtp,SF,0.000097,0.000064,0,0,0,0,0,1,0,0,0,0,0,0.16655,0,0,0,0,0.001957,0.011742,0,0,0,0,1,0,0.83,0.462745,0.082353,0.18,0.07,1,0,0,0,0,0,ipsweep.,null,{mixture}
0,icmp,ecr_i,SF,0.000016,0,0,0,0,0,0,0,0,0,0,0.00202,0,0,0,0,0,0,0.001957,0.003914,0,0,0,0,1,0,0,0.043137,0.043137,1,0,0.09,0,0,0,0,0,normal.,null,{mixture}
0,udp,private,SF,0.10055,0,0,0,0,0,0,0,0,0,0,0,0,0,0,0,0,0,0.021526,0.003914,0,0,0,0,0.29,0.29,0,1,0.015686,0.02,0.16,1,0,0,0,0,0,normal.,null,{mixture}
0,udp,private,SF,0,0,0,0,0,0,0,0,0,0,0,0,0,0,0,0,0,0,0.027397,0.007828,0,0,0,0,0.18,0.45,0,1,0.007843,0.01,0.24,1,0,0,0.16112,0,0,normal.,null,{mixture}
0,icmp,0,SF,0.000016,0,0,0,0,0,0,0,0,0,0,0,0,0,0,0,0,0,0.996086,0.996086,0,0,0,0,1,0,0,1,0.062745,0.06,0.02,0.07,0,0,0,0,0,smurf.,null,{mixture}
0,icmp,ecr_i,SF,0.000016,0,0,0,0,0,0,0,0,0,0,0,0,0,0,0,0,0,0.003914,0.003914,0,0,0,0,1,0,0,1,0.047059,0.45587,0.02,0.05,0,0,0,0,0,normal.,null,{mixture}
0.000017,tcp,smtp,SF,0.000038,0.000063,0,0,0,0,0,1,0,0,0,0,0,0,0,0,0.92753,0,0.001957,0.003914,0,0,0,0,0.89,0.11,0,1,0.086275,0.09,0.61,0.42,0,0.02,0,0.53,0,normal.,null,{mixture}
0,udp,domain_u,SF,0.000001,0.000022,0,0,0,0,0,0,0,0,0,0,0,0,0,0,0,0,0.003914,0.011742,0,0,0,0,1,0,1,0.415686,0.243137,0.58,0.04,0.01,0,0,0,0,0.83518,normal.,null,{mixture}
0,tcp,http,SF,0.000003,0.000357,0,0,0,0,0,0,0,0,0,0,0,0,0,0,0,0,0.001957,0.001957,0,0,0,0,0.92,0.15,0,1,0.07451,0.07,0.16,1,0,0,0.74002,0,0,normal.,null,{mixture}
0,tcp,ftp_data,SF,0.000003,0,0,0,0,0,0,0,0,0,0,0,0,0,0,0,0,0,0.027397,0.027397,0,0,0,0,1,0.90708,0,0.247059,0.117647,0.32,0.1,0.32,0.07,0.06,0,0.43119,0,normal.,null,{mixture}
0,tcp,ftp_data,SF,0.000001,0,0,0,0,0,0,0,0,0,0,0,0,0,0,0,0,0,0.003914,0.003914,0,0,0,0,1,0,0,0.168627,0.05098,0.3,0.09,0.3,0,0,0,0.05,0,normal.,null,{mixture}
0,udp,domain_u,SF,0,0,0,0,0,0,0,0,0.01562,0,0,0,0,0,0,0,0,0,0.003914,0.001957,0,0,0,0,0.5,1,0,0.239216,0.035294,0.15,0.1,0.15,0,0,0,0,0,normal.,null,{mixture}
0,tcp,http,SF,0.000005,0.000139,0,0,0,0,0,1,0,0,0,0,0,0,0,0,0,0,0.001957,0.001957,0,0,0,0,1,0,0,0.258824,0.015686,0.06,0.11,0.99679,0,0,0,0,0,normal.,null,{mixture}
0,tcp,smtp,SF,0.000018,0.000063,0,0,0,0,0,1,0,0,0,0,0,0,0,0,0,0,0.013699,0.027397,0,0,0,0,0.93,0.14,0,0.83447,0.066667,0.07,0.48,0.57,0.01531,0.01,0,0.38,0,normal.,null,{mixture}
0,udp,domain_u,SF,0.000001,0,0,0,0,0,0,0,0,0,0,0,0,0,0,0,0,1,0.001957,0.001957,0.32513,0,0,0,1,0,0,0.607843,0.12549,0.21,0.12,0.01,0,0.01,0,0,0,normal.,null,{mixture}
0,tcp,http,SF,0.000005,0.000482,0,0,0,0,0,1,0,0,0,0,0,0,0,0,0,0,0.001957,0.007828,0,0,0,0.70061,1,0,1,1,0.019608,0.02,0.37,0,0,0,0,0,0,normal.,null,{mixture}
0,icmp,ecr_i,SF,0.000016,0,0,0,0,0,0,0,0,0,0,0,0,0,0,0,0,0,0.003914,0.005871,0,0,0,0,1,0,0.67,0.043137,0.294118,0.36,0.27,0.36,0.03,0,0,0,0,normal.,null,{mixture}
0,tcp,smtp,SF,0.000024,0.000075,0,0,0,0,0,1,0,0,0,0,0,0,0,0,0,0,0.001957,0.001957,0,0,0,0,1,0,0,0.090196,0.007843,0.09,0.17,0.04,0,0,0,0,0,normal.,null,{mixture}
0,tcp,auth,SF,0,0.000007,0,0,0,0,0,0,0,0,0,0,0,0,0,0,0,0,0.001957,0.001957,0,0,0,0,1,0,0,1,0.043137,0.04,0.96,0,0,0,0,0.99743,0.09,normal.,null,{mixture}
0,tcp,ftp_data,SF,0.00001,0,0,0,0,0,0,0,0,0,0,0,0,0,0,0,0,0.8048,0.003914,0.001957,0.26833,0,0,0,0.5,1,0,0.152941,0.027451,0.18,0.08,0.18,0,0,0,0.08,0,normal.,null,{mixture}
0,udp,domain_u,SF,0.000001,0.000008,0,0,0,0,0,0,0,0,0,0,0,0,0,0,0,0,0.023483,0.035225,0,0,0,0,1,0,0,0.137255,0.003922,0.03,0.14,0.03,0,0,0,0,0,normal.,null,{mixture}
0,icmp,ecr_i,SF,0.000016,0,0,0,0,0,0,0,0,0,0,0,0,0,0,0,0,0,0.998043,0.998043,0,0,0,0,1,0,0,1,0.003922,0,1,0,0,0,0,0.99,1,normal.,null,{mixture}
0,tcp,auth,SF,0,0.000007,0,0,0,0,0,0,0,0,0,0,0,0,0,0,0,0.0492,0.001957,0.001957,0,0,0,0,1,0,0,0.313725,0.023529,0.99,0.01,0.01,0,0,0,0,0,normal.,null,{mixture}
0,tcp,http,SF,0.000005,0.000451,0,0,0,0,0,1,0,0,0,0,0,0,0,0,0,0,0.017613,0.017613,0.73127,0,0,0,1,0,0,0.4,0.121569,0.15,0.07,0.44559,0.03,0,0,0,0,normal.,null,{mixture}
0,tcp,http,0,0.000003,0.000263,0,0,0,0,0,0.55866,0,0,0,0,0,0,0,0,0,0,0.003914,0.003914,0,0,0,0,1,0,0,0.137255,0.254902,0.06,0.11,0.06,0.06,0,0,0.03,0,normal.,null,{mixture}
0,icmp,ecr_i,SF,0.000016,0.06367,0,0,0,0,0,0,0,0,0,0,0.0088,0,0,0,0,0,0.001957,0.003914,0,0,0,0,1,0,1,1,0.035294,0.04,0.05,0,0,0,0,0,0,normal.,null,{mixture}
0,tcp,http,0,0.000003,0.000886,0,0,0,0,0,1,0,0,0,0,0,0,0,0,0,0,0.001957,0.001957,0,0,0,0,1,0,0,1,0.082353,0.08,0.02,0.38,0.03,0,0,0.06,0,normal.,null,{mixture}
0,tcp,ftp_data,SF,0.000011,0,0,0,0,0,0,0,0,0,0,0,0,0,0,0,0,0,0.001957,0.001957,0,0,0,0,1,0,0,0.282353,0.235294,0.38,0.04,0,0,0,0,0,0,normal.,null,{mixture}
0,tcp,finger,SF,0,0.00007,0,0,0,0,0,0,0,0,0,0,0,0,0,0,0,0,0.001957,0.001957,0,0,0,0,1,0,0,1,0.003922,0,0.03,0,0,0,0.57808,0,0,smurf.,null,{mixture}
0,tcp,smtp,SF,0.000002,0.000078,0,0,0,0,0,1,0,0,0,0,0,0,0,0,0,0,0.001957,0.001957,0,0,0,0,1,0,0,0.254902,0.090196,0.35,0.06,0.35,0,0,0,0,0,normal.,null,{mixture}
0,tcp,ftp_data,SF,0.11933,0,0,0,0,0,0,0,0,0,0,0,0,0,0,0,0,0,0.02544,0.02544,0,0,0,0,1,0,0,0.223529,0.160784,0.72,0.11,0.02,0,0.02,0,0.09,0.12,normal.,null,{mixture}
0,icmp,eco_i,SF,0,0,0,0,0,0,0,0,0,0,0,0,0,0,0,0,0,0,0.003914,0.003914,0,0,0,0,1,0,0,1,0.011765,1,0,1,0,0,0,0,0,smurf.,null,{mixture}
0,udp,domain_u,SF,0.000001,0.000022,0,0,0,0,0,0,0,0,0,0,0,0,0,0,0,0,0.001957,0.011742,0,0,0,0,1,0,0.33,0.031373,0.003922,0.12,0.38,0.12,0,0,0,0,0.78569,named.,null,{mixture}
0,tcp,http,SF,0.000004,0.000052,0,0,0,0,0,0,0,0,0,0,0,0,0,0,0,0,0.003914,0.001957,0,0.90175,0,0,0.5,1,0,0.682353,0.219608,0.32,0.03,0.32,0,0,0,0,0,normal.,null,{mixture}
0,udp,domain_u,SF,0.000001,0.000008,0,0,0,0,0.07514,1,0,0,0,0,0,0,0,0,0,0,0.003914,0.003914,0,0,0,0,1,0,0,1,0.078431,0.08,0.01,0,0,0,0,0,0,normal.,null,{mixture}
0,tcp,X11,S1,0.004553,0.0737,0,0,0,0,0,0,0.01083,0,0,0,0,0,0,0,0,0,0.001957,0.001957,1,1,0,0,1,0,0,0.058824,0.058824,1,0,0.07,0,0,0,0,0,normal.,null,{mixture}
0,tcp,time,SF,0,0.000001,0,0,0,0,0,0,0,0,0,0,0,0,0,0,0,0,0.001957,0.001957,0,0,0,0,1,0,0,0.207843,0.003922,0.02,0.11,0.02,0,0.02,1,0.09,0,normal.,null,{mixture}
0,icmp,ecr_i,SF,0.000016,0,0,0,0,0,0,0,0,0,0,0,0,0,0,0,0,0,0.003914,0.13444,0,0,0,0,1,0,0,0.168627,0.05098,0.3,0.09,0.3,0,0,0,0,0,normal.,null,{mixture}
0,tcp,auth,SF,0,0.000007,0,0,0,0,0,0,0,0,0,0,0,0,0,0,0,0,0.001957,0.001957,0,0,0,0,1,0,0,0.14902,0.003922,0.03,0.11,0.03,0,0.64953,0.06,0.32,0.72,normal.,null,{mixture}
0,udp,private,0,0.000002,0.000028,0,0,0,0,0,0,0,0,0,0,0,0,0,0,0,0,0.003914,0.003914,0,0,0,0,1,0,0,0.156863,0.070588,0.45,0.05,0.03,0,0,0,0.13,0,normal.,null,{mixture}
0,udp,private,SF,0,0.000001,0,0,0,0,0,0,0,0,0,0,0,0,0,0,0,0,0.017613,0.013699,0,0,0,0,0.78,0.22,0,1,0.027451,0.03,0.29,0.84,0,0,0,0.13,0,named.,null,{mixture}
0,tcp,smtp,SF,0.000015,0.000063,0,0,0,0,0,0,0.01184,0,0,0,0,0,0,0,0,0,0.001957,0.001957,0,0,0,0,1,0,0,0.160784,0.019608,0.05,0.41,0.02,0.4,0.02,0,0,0,normal.,null,{mixture}
0,tcp,http,SF,0.000004,0.000052,0,0,0,0,0,0,0,0,0,0,0,0,0,0,0,0,0.001957,0.001957,0,0,0,0,1,0,0,0.152941,0.066667,0.44,0.05,0.03,0,0.03,0.06,0.33,0.7302,ipsweep.,null,{mixture}
