0.356164384,0.03,0.103916826,0.02,0.6,0.01,0.02,0.04,0.05,0.02,0,0,0.408163265,0.05,normal
0.287671233,0.03,0.056449091,0.06,0.666666667,0.01,0.01,0.04,0.01,0.02,0.021760218,0,0.204081633,0.01,normal
0.671232877,0.03,0.117690369,0.13,0.4,0.05,0.02,0.01,0.02,0.01,0.044160442,0,1.010204082,0.01,normal
0.287671233,0.01,0.032714544,0.06,0.666666667,0.01,0.02,0.04,0.01,0.01,0,0.367768595,0.102040816,0.01,normal
0.794520548,0.05,0.106496136,0.16,0.133333333,0.07,0.03,0.05,0.02,0.01,0,0,0.408163265,0.01,normal
0.712328767,0.03,0.079741743,0.16,0.133333333,0.02,0.02,0.02,0.01,0.01,0,0,0.510204082,0.01,abnormal
0.589041096,0.03,0.093942904,0.02,0.6,0.03,0.05,0.01,0.02,0.02,0,0.404499541,0.357142857,0.01,normal
0.424657534,0.03,0.047974895,0.16,0.133333333,0.01,0.05,0.06,0.01,0.02,0,0,0.255102041,0.23,normal
0.98630137,0.04,0.026588512,0.03,0.466666667,0.03,0.01,0.01,0.01,0.02,0,0,0.081632653,0.09,normal
1.109589041,0.02,0.084272191,0.01,0.866666667,0.07,0.04,0.01,0.01,0.02,0,0.38292011,0.030612245,0.4,normal
0.657534247,0.03,0.017314146,0.04,0.933333333,0.03,0.02,0.01,0.01,0.01,1,0,0.510204082,0.01,abnormal
0.931506849,0.03,0.084064161,0.12,0.2,0.05,0.05,0.01,0.01,0.01,0,0,0.12244898,0.26,normal
0.301369863,0.03,0.106613748,0.13,0.4,0.01,0.06,0.01,0.01,0.02,0,0.404499541,0.255102041,0.01,normal
1.02739726,0.03,0.130152502,0.16,0.133333333,0.02,0.05,0.06,0.02,0.02,0,0,0.163265306,0.01,normal
0.397260274,0.04,0.02118447,0.02,0.6,0.03,0.02,0.01,0.05,0.02,0,0,0.408163265,0.01,normal
0.602739726,0.03,0.07472249,0.09,1.066666667,0.02,0.02,0.03,0.01,0.02,0.150241502,0,0.326530612,0.01,abnormal
0.479452055,0.03,0.037115823,0.13,0.4,0.07,0.05,0.01,0.02,0.02,0,0.454545455,0.408163265,0.01,normal
0.726027397,0.03,0.142702334,0.16,0.133333333,0.02,0.05,0.02,0.02,0.01,0,0,0.357142857,0.06,normal
0.410958904,0.06,0.118195489,0.06,0.666666667,0.02,0.02,0.02,0.03,0.01,0,0.436639118,0.408163265,0.28,abnormal
1.01369863,0.03,0.062197132,0.16,0.133333333,0.02,0.07,0.02,0.02,0.01,0,0,0.204081633,0.01,normal
0.383561644,0.03,0.129215003,0.01,0.866666667,0.01,0.04,0.04,0.01,0.02,0,0.359044995,0.408163265,0.01,abnormal
0.397260274,0.03,0.016698211,0.01,0.866666667,0.03,0.05,0.05,0.05,0.02,0,0,0.408163265,0.01,normal
0.821917808,0.02,0.049690129,0.02,0.6,0.05,0.05,0.01,0.02,0.01,0,0.43067034,0.510204082,0.01,normal
0.726027397,0.06,0.029181419,0.09,1.066666667,0.03,0.02,0.01,0.01,0.01,0.140841408,0,0.510204082,0.01,abnormal
0.671232877,0.05,0.031637678,0.02,0.6,0.03,0.01,0.01,0.01,0.02,0.005940059,0,0.102040816,0.01,normal
0.301369863,0.03,0.021338114,0.01,0.866666667,0.02,0.01,0.04,0.04,0.02,0.028850289,0,0.255102041,0.01,normal
0.575342466,0.03,0.028788472,0.02,0.6,0.07,0.02,0.01,0.02,0.02,0,0,0.357142857,0.01,normal
0.616438356,0.04,0.140799464,0.07,0.8,0.03,0.01,0.05,0.03,0.01,0,0.477502296,0.408163265,0.12,normal
0.465753425,0.03,0.023700555,0.01,0.866666667,0.03,0.06,0.01,0.04,0.01,0,0.359044995,0.612244898,0.01,abnormal
0.794520548,0.03,0.136914862,0.07,0.8,0.03,0.01,0.01,0.01,0.01,0,0.43067034,0.408163265,0.01,normal
0.520547945,0.03,0.102384468,0.13,0.4,0.05,0.01,0.05,0.01,0.01,0,0.865472911,0.408163265,0.01,normal
0.520547945,0.03,0.015292304,0.06,0.666666667,0.03,0.01,0.01,0.01,0.02,0.074430744,0,0.408163265,0.01,normal
0.520547945,0.02,0.063365095,0.01,0.866666667,0.02,0.02,0.02,0.03,0.01,0,0.436639118,0.663265306,0.01,abnormal
0.780821918,0.03,0.097074924,0.08,0.266666667,0.07,0.06,0.06,0.01,0.02,0,0.367768595,0.030612245,0.01,normal
0.684931507,0.03,0.102571424,0.02,0.6,0.02,0.02,0.02,0.02,0.01,0,0.433195592,0.56122449,0.01,abnormal
0.383561644,0.03,0.081439981,0.1,0.733333333,0.03,0.02,0.01,0.01,0.01,0.105201052,0,0.510204082,0.01,abnormal
0.561643836,0.04,0.133975238,0.06,0.666666667,0.04,0.01,0.01,0.02,0.01,0.046500465,0,0.408163265,0.01,normal
0.356164384,0.03,0.0394973,0.06,0.666666667,0.01,0.01,0.01,0.01,0.02,0,0.453168044,0.408163265,0.01,normal
0.493150685,0.01,0.093424187,0.1,0.733333333,0.02,0.1,0.02,0.03,0.01,0,0,0.37755102,0.38,normal
0.342465753,0.03,0.019728935,0.07,0.8,0.03,0.01,0.01,0.02,0.02,0,0,0.459183673,0.01,normal
0.424657534,0.03,0.208342851,0.16,0.133333333,0.05,0.03,0.05,0.01,0.01,0,0,0.357142857,0.07,normal
0.698630137,0.02,0.05839955,0.13,0.4,0.07,0.07,0.06,0.01,0.02,0,0,0.408163265,0.01,normal
0.561643836,0.05,0.022480924,0.04,0.933333333,0.03,0.04,0.01,0.01,0.01,0,0.453168044,0.408163265,0.01,normal
0.863013699,0.04,0.026636781,0.09,1.066666667,0.03,0.02,0.01,0.01,0.02,0,0.587465565,0.612244898,0.01,abnormal
0.465753425,0.03,0.071049318,0.1,0.733333333,0.01,0.04,0.01,0.01,0.02,0.016390164,0,0.204081633,0.01,normal
0.589041096,0.03,0.060446546,0.06,0.666666667,0.01,0.03,0.04,0.03,0.02,0.010550106,0,0.408163265,0.01,normal
0.287671233,0.03,0.056820963,0.06,0.666666667,0.01,0.04,0.04,0.04,0.02,0,0,0.040816327,0.01,normal
1.082191781,0.06,0.066000152,0.15,0.533333333,0.07,0.06,0.01,0.01,0.01,0.184811848,0,0.459183673,0.01,abnormal
0.287671233,0.03,0.367597231,0.02,0.6,0.01,0.05,0.06,0.02,0.01,0,0.394628099,0.255102041,0.01,normal
0.575342466,0.03,0.021338114,0.09,1.066666667,0.04,0.04,0.05,0.04,0.02,0,0,0.408163265,0.01,normal
0.917808219,0.03,0.117446306,0.16,0.133333333,0.07,0.09,0.01,0.01,0.02,0.020620206,0,0.346938776,0.17,normal
0.397260274,0.02,0.23228203,0.02,0.6,0.04,0.07,0.06,0.03,0.01,0,0.359044995,0.510204082,0.04,abnormal
0.397260274,0.03,0.110815834,0.01,0.866666667,0.01,0.01,0.04,0.03,0.02,0.02202022,0,0.408163265,0.19,normal
0.726027397,0.03,0.107653902,0.12,0.2,0.02,0.05,0.06,0.01,0.02,0,0,0.244897959,0.26,normal
0.246575342,0.03,0.143329146,0.06,0.666666667,0.01,0.03,0.04,0.05,0.01,0,0,0.306122449,0.01,normal
0.315068493,0.03,0.113211588,0.06,0.666666667,0.01,0.02,0.04,0.05,0.02,0,0,0.408163265,0.01,normal
0.479452055,0.03,0.086547613,0.1,0.733333333,0.01,0.01,0.04,0.01,0.02,0.143441434,0,0.408163265,0.01,abnormal
0.616438356,0.03,0.199662664,0.02,0.6,0.03,0.01,0.01,0.03,0.02,0,0.365013774,0.408163265,0.29,normal
0.904109589,0.02,0.118968466,0.07,0.8,0.02,0.11,0.02,0.01,0.01,0.022900229,0,0.306122449,0.4,normal
0.643835616,0.03,0.102498001,0.01,0.866666667,0.03,0.03,0.01,0.01,0.01,0,0.359044995,0.520408163,0.01,abnormal
0.479452055,0.03,0.020779286,0.02,0.6,0.06,0.05,0.03,0.01,0.02,0,0,0.408163265,0.01,abnormal
0.356164384,0.05,0.049894761,0.02,0.6,0.01,0.03,0.04,0.04,0.01,0,0,0.306122449,0.01,normal
0.561643836,0.04,0.013538318,0.01,0.866666667,0.02,0.01,0.03,0.03,0.02,0,0,0.408163265,0.12,abnormal
1.109589041,0.01,0.089877466,0.16,0.133333333,0.07,0.05,0.01,0.01,0.02,0,0,0.204081633,0.01,normal
0.849315068,0.03,0.100362626,0.05,0.333333333,0.01,0.14,0.01,0.02,0.02,0.010550106,0,0.224489796,0.01,normal
0.630136986,0.03,0.171174001,0.16,0.133333333,0.05,0.05,0.01,0.01,0.02,0,0,0.408163265,0.05,normal
0.232876712,0.03,0.14039088,0.13,0.4,0.01,0.03,0.06,0.01,0.01,0,0,0.102040816,0.23,normal
1.095890411,0.05,0.013665448,0.02,0.6,0.07,0.05,0.05,0.04,0.02,0,0,0.326530612,0.01,normal
0.726027397,0.02,0.098861541,0.16,0.133333333,0.02,0.02,0.02,0.01,0.01,0.076880769,0,0.683673469,0.26,abnormal
0.534246575,0.05,0.045676358,0.02,0.6,0.01,0.02,0.04,0.04,0.02,0,0,0.408163265,0.01,normal
0.438356164,0.03,0.018955277,0.06,0.666666667,0.01,0.09,0.06,0.01,0.02,0,0.506198347,0.408163265,0.41,normal
0.438356164,0.03,0.141180854,0.01,0.866666667,0.01,0.02,0.06,0.01,0.01,0,0.561065197,0.510204082,0.01,abnormal
0.561643836,0.06,0.078159077,0.1,0.733333333,0.02,0.02,0.02,0.02,0.01,0,0,0.408163265,0.01,abnormal
0.602739726,0.03,0.045593418,0.1,0.733333333,0.01,0.14,0.01,0.01,0.01,0.005940059,0,0.255102041,0.01,normal
0.342465753,0.03,0.048507209,0.16,0.133333333,0.01,0.05,0.06,0.01,0.01,0,0,0.255102041,0.23,normal
0.547945205,0.06,0.034429778,0.07,0.8,0.03,0.06,0.05,0.01,0.02,0.015060151,0,0.408163265,0.01,normal
0.342465753,0.03,0.172180843,0.06,0.666666667,0.02,0.01,0.02,0.02,0.01,0,0.436639118,0.367346939,0.01,abnormal
0.232876712,0.03,0.100166833,0.13,0.4,0.01,0.04,0.04,0.05,0.02,0,0,0.153061224,0.01,normal
0.561643836,0.03,0.226184552,0.02,0.6,0.03,0.01,0.01,0.05,0.02,0,0.143480257,0.408163265,0.01,normal
0.575342466,0.06,0.01598302,0.04,0.933333333,0.03,0.02,0.05,0.03,0.01,0,0.505280073,0.612244898,0.04,abnormal
0.246575342,0.03,0.135026949,0.15,0.533333333,0.01,0.11,0.04,0.01,0.01,0.005940059,0,0.204081633,0.01,normal
0.616438356,0.03,0.094243393,0.1,0.733333333,0.03,0.02,0.01,0.01,0.01,0.021740217,0,0.510204082,0.01,normal
0.726027397,0.04,0.184606264,0.02,0.6,0.02,0.01,0.02,0.02,0.01,0,0.453856749,0.408163265,0.01,abnormal
1.054794521,0.02,0.048728157,0.06,0.666666667,0.07,0.01,0.01,0.01,0.02,0,0.446280992,0.010204082,0.01,normal
0.534246575,0.05,0.14567867,0.01,0.866666667,0.07,0.04,0.05,0.03,0.02,0,0,0.102040816,0.29,normal
0.465753425,0.03,0.02473595,0.04,0.933333333,0.01,0.04,0.01,0.01,0.01,0,0.518365473,0.510204082,0.01,normal
0.328767123,0.03,0.035370676,0.16,0.133333333,0.02,0.05,0.04,0.03,0.02,0,0,0.051020408,0.37,normal
0.739726027,0.03,0.113908423,0.16,0.133333333,0.02,0.11,0.02,0.02,0.01,0,0,0.408163265,0.2,abnormal
0.397260274,0.03,0.097612677,0.02,0.6,0.02,0.01,0.03,0.03,0.02,0,0,0.357142857,0.37,normal
0.506849315,0.03,0.023371513,0.16,0.133333333,0.01,0.05,0.01,0.01,0.01,0,0,0.408163265,0.01,normal
0.410958904,0.03,0.022902424,0.02,0.6,0.01,0.07,0.05,0.01,0.02,0,0.383149679,0.714285714,0.01,normal
0.698630137,0.03,0.046828686,0.16,0.133333333,0.07,0.05,0.05,0.01,0.02,0,0,0.357142857,0.21,normal
0.561643836,0.05,0.109381373,0.14,0.066666667,0.01,0.03,0.04,0.01,0.02,0,0,0.306122449,0.01,normal
0.493150685,0.03,0.078748498,0.1,0.733333333,0.02,0.02,0.03,0.01,0.02,0.07298073,0,0.56122449,0.01,abnormal
0.315068493,0.02,0.278210609,0.16,0.133333333,0.02,0.06,0.06,0.01,0.01,0,0,0.408163265,0.01,normal
0.630136986,0.03,0.131183818,0.01,0.866666667,0.02,0.01,0.02,0.03,0.01,0,0.554407713,0.357142857,0.12,abnormal
0.931506849,0.06,0.035386992,0.1,0.733333333,0.07,0.06,0.01,0.01,0.02,0.251242512,0,0.510204082,0.01,abnormal
0.260273973,0.03,0.086000343,0.03,0.466666667,0.01,0.01,0.04,0.04,0.02,0,0,0.153061224,0.28,normal
0.643835616,0.03,0.016807665,0.13,0.4,0.03,0.02,0.01,0.04,0.02,0,0,0.459183673,0.01,normal
0.534246575,0.03,0.072187369,0.02,0.6,0.03,0.05,0.05,0.04,0.02,0.068490685,0,0.408163265,0.01,normal
0.780821918,0.04,0.02875584,0.04,0.933333333,0.02,0.02,0.02,0.02,0.01,0.150241502,0,0.408163265,0.01,abnormal
0.520547945,0.03,0.029756563,0.06,0.666666667,0.05,0.05,0.01,0.01,0.02,0.046500465,0,0.734693878,0.01,normal
0.465753425,0.03,0.093044157,0.16,0.133333333,0.01,0.05,0.06,0.01,0.02,0,0,0.408163265,0.25,normal
0.520547945,0.03,0.172977614,0.13,0.4,0.07,0.07,0.05,0.02,0.01,0.001140011,0,0.408163265,0.01,normal
0.246575342,0.03,0.11345769,0.06,0.666666667,0.01,0.03,0.04,0.02,0.02,0,0.367768595,0.357142857,0.01,normal
0.561643836,0.03,0.179928291,0.06,0.666666667,0.05,0.04,0.04,0.01,0.02,0,0.895316804,0.408163265,0.01,normal
0.97260274,0.06,0.045293609,0.01,0.866666667,0.02,0.02,0.02,0.01,0.01,0,0.54912764,0.612244898,0.01,abnormal
0.890410959,0.05,0.104620459,0.15,0.533333333,0.07,0.02,0.01,0.01,0.01,0.020090201,0,0.448979592,0.01,normal
0.589041096,0.03,0.125308647,0.13,0.4,0.02,0.09,0.02,0.02,0.01,0,0.433195592,0.408163265,0.01,abnormal
0.561643836,0.03,0.026908717,0.06,0.666666667,0.03,0.01,0.01,0.02,0.02,0,0,0.244897959,0.23,normal
0.273972603,0.03,0.21485843,0.03,0.466666667,0.01,0.05,0.04,0.02,0.01,0.005940059,0,0.204081633,0.01,normal
0.753424658,0.03,0.105089548,0.13,0.4,0.02,0.05,0.02,0.02,0.01,0.025800258,0,0.408163265,0.01,normal
0.397260274,0.04,0.025788342,0.06,0.666666667,0.01,0.01,0.05,0.02,0.02,0.021740217,0,0.408163265,0.01,normal
0.767123288,0.03,0.023540113,0.06,0.666666667,0.03,0.02,0.01,0.01,0.02,0,0.454545455,0.408163265,0.01,normal
0.315068493,0.03,0.327121642,0.06,0.666666667,0.01,0.02,0.04,0.05,0.01,0,0,0.244897959,0.31,normal
0.232876712,0.03,0.112797566,0.03,0.466666667,0.01,0.03,0.04,0.01,0.01,0,0,0.204081633,0.31,normal
0.917808219,0.03,0.228411705,0.02,0.6,0.07,0.06,0.01,0.01,0.02,0.009910099,0,0.183673469,0.01,normal
0.945205479,0.03,0.138220154,0.02,0.6,0.07,0.05,0.01,0.01,0.02,0.009910099,0,0.183673469,0.01,normal
0.726027397,0.02,0.092008762,0.01,0.866666667,0.02,0.02,0.02,0.03,0.01,0.076880769,0,0.204081633,0.27,abnormal
0.657534247,0.03,0.14221013,0.14,0.066666667,0.05,0.05,0.05,0.01,0.02,0,0,0.408163265,0.23,normal
0.780821918,0.01,0.271423094,0.01,0.866666667,0.02,0.01,0.02,0.03,0.01,0,0.340909091,0.408163265,0.27,normal
0.397260274,0.03,0.055911338,0.11,1,0.01,0.04,0.05,0.01,0.01,0.278282783,0,0.459183673,0.1,abnormal
0.260273973,0.01,0.045696754,0.06,0.666666667,0.01,0.05,0.01,0.01,0.01,0.005940059,0,0.244897959,0.01,normal
0.808219178,0.02,0.097945118,0.12,0.2,0.02,0.05,0.02,0.01,0.01,0.025800258,0,0.153061224,0.23,normal
0.301369863,0.03,0.14880729,0.15,0.533333333,0.01,0.03,0.04,0.04,0.01,0,0,0.408163265,0.01,normal
0.301369863,0.05,0.026674172,0.06,0.666666667,0.01,0.04,0.04,0.01,0.02,0.005940059,0,0.255102041,0.01,normal
0.493150685,0.01,0.059013445,0.06,0.666666667,0.02,0.02,0.03,0.01,0.02,0.07298073,0,0.397959184,0.01,abnormal
0.260273973,0.03,0.188787955,0.14,0.066666667,0.01,0.08,0.01,0.01,0.01,0,0,0.367346939,0.38,normal
0.630136986,0.03,0.021368707,0.02,0.6,0.02,0.01,0.03,0.01,0.02,0.03103031,0,0.530612245,0.01,abnormal
0.602739726,0.04,0.020117123,0.01,0.866666667,0.03,0.1,0.01,0.01,0.01,0,0.518365473,0.408163265,0.01,abnormal
0.684931507,0.04,0.022299407,0.01,0.866666667,0.02,0.02,0.03,0.04,0.02,0,0,0.408163265,0.01,abnormal
0.246575342,0.03,0.052922085,0.06,0.666666667,0.01,0.01,0.04,0.01,0.01,0,0.367768595,0.153061224,0.01,normal
0.493150685,0.02,0.076479874,0.11,1,0.03,0.04,0.05,0.01,0.01,0.252362524,0,0.408163265,0.01,abnormal
0.438356164,0.03,0.054298759,0.06,0.666666667,0.02,0.02,0.04,0.01,0.02,0.02597026,0,0.408163265,0.29,normal
0.561643836,0.03,0.219574475,0.02,0.6,0.05,0.01,0.01,0.02,0.01,0.023540235,0,0.408163265,0.01,normal
0.561643836,0.06,0.063379372,0.01,0.866666667,0.02,0.02,0.02,0.03,0.01,0,0.453856749,0.612244898,0.19,abnormal
0.534246575,0.03,0.033608532,0.07,0.8,0.03,0.04,0.05,0.01,0.02,0,0.316804408,0.408163265,0.01,normal
0.767123288,0.02,0.032701627,0.06,0.666666667,0.02,0.02,0.03,0.01,0.02,0,0.453856749,0.510204082,0.01,abnormal
0.506849315,0.03,0.047970816,0.16,0.133333333,0.01,0.05,0.05,0.01,0.02,0,0,0.489795918,0.23,normal
0.232876712,0.04,0.06791118,0.03,0.466666667,0.01,0.01,0.01,0.02,0.02,0,0.367768595,0.408163265,0.01,normal
0.246575342,0.03,0.135314521,0.15,0.533333333,0.01,0.06,0.04,0.01,0.01,0.005940059,0,0.142857143,0.01,normal
0.452054795,0.03,0.155476513,0.16,0.133333333,0.02,0.11,0.01,0.01,0.01,0,0.597566575,0.326530612,0.05,normal
0.493150685,0.03,0.17012161,0.16,0.133333333,0.01,0.05,0.06,0.05,0.02,0,0,0.408163265,0.23,normal
0.547945205,0.02,0.018282237,0.01,0.866666667,0.06,0.04,0.02,0.01,0.01,0.07298073,0,0.510204082,0.01,abnormal
0.904109589,0.03,0.161039637,0.14,0.066666667,0.07,0.14,0.06,0.01,0.02,0,0,0.408163265,0.25,normal
0.671232877,0.03,0.056849516,0.07,0.8,0.05,0.01,0.01,0.01,0.02,0.02597026,0,0.408163265,0.01,normal
0.465753425,0.05,0.09802058,0.14,0.066666667,0.01,0.01,0.04,0.02,0.02,0,0,0.255102041,0.01,normal
0.753424658,0.03,0.092324207,0.01,0.866666667,0.02,0.02,0.02,0.05,0.01,0,0.362488522,0.357142857,0.04,normal
0.260273973,0.03,0.321432748,0.16,0.133333333,0.01,0.03,0.06,0.01,0.01,0,0,0.530612245,0.05,normal
1.02739726,0.06,0.055430012,0.02,0.6,0.07,0.06,0.06,0.03,0.01,0,0,0.357142857,0.01,abnormal
0.479452055,0.03,0.095799545,0.01,0.866666667,0.01,0.06,0.04,0.03,0.01,0,0.365013774,0.408163265,0.28,normal
0.890410959,0.04,0.015972143,0.06,0.666666667,0.02,0.02,0.02,0.02,0.01,0,0.499081726,0.408163265,0.01,abnormal
0.410958904,0.03,0.026776148,0.06,0.666666667,0.02,0.02,0.02,0.02,0.01,0,0,1.010204082,0.01,normal
0.602739726,0.03,0.024413027,0.01,0.866666667,0.02,0.02,0.02,0.01,0.01,0,0.436639118,0.571428571,0.01,abnormal
0.904109589,0.05,0.246213975,0.01,0.866666667,0.07,0.04,0.01,0.02,0.02,0,0.506427916,0.255102041,0.01,normal
0.876712329,0.02,0.108732127,0.02,0.6,0.02,0.11,0.02,0.01,0.01,0.026350264,0,0.244897959,0.26,normal
0.835616438,0.03,0.019755448,0.02,0.6,0.03,0.06,0.05,0.01,0.02,0,0.632231405,0.255102041,0.01,normal
0.369863014,0.03,0.090286049,0.13,0.4,0.01,0.06,0.06,0.01,0.01,0,0.454545455,0.408163265,0.01,normal
0.383561644,0.05,0.092163765,0.01,0.866666667,0.01,0.01,0.01,0.02,0.02,0.04101041,0,0.612244898,0.01,normal
0.438356164,0.03,0.289928998,0.16,0.133333333,0.01,0.11,0.01,0.01,0.01,0.036740367,0,0.408163265,0.25,normal
0.863013699,0.06,0.026154775,0.06,0.666666667,0.07,0.06,0.01,0.01,0.02,0.140841408,0,0.612244898,0.01,abnormal
1.068493151,0.03,0.092163085,0.02,0.6,0.07,0.06,0.05,0.01,0.02,0.023290233,0,0.12244898,0.01,normal
0.657534247,0.03,0.105721119,0.02,0.6,0.01,0.01,0.01,0.02,0.02,0,0,0.163265306,0.34,normal
0.287671233,0.03,0.136028352,0.16,0.133333333,0.02,0.05,0.06,0.01,0.01,0,0,0.408163265,0.08,normal
0.232876712,0.03,0.12571859,0.05,0.333333333,0.01,0.03,0.04,0.01,0.01,0,0.394628099,0.153061224,0.01,normal
1.109589041,0.02,0.131370094,0.16,0.133333333,0.07,0.06,0.06,0.01,0.01,0,0,0.459183673,0.05,normal
0.561643836,0.06,0.077895979,0.11,1,0.02,0.02,0.03,0.01,0.02,0,0.554407713,0.56122449,0.01,abnormal
0.410958904,0.03,0.094505811,0.1,0.733333333,0.01,0.01,0.06,0.03,0.01,0.024630246,0,0.408163265,0.37,normal
0.780821918,0.02,0.08076898,0.16,0.133333333,0.07,0.11,0.06,0.01,0.02,0,0.367768595,0.459183673,0.14,normal
0.821917808,0.05,0.033167996,0.01,0.866666667,0.05,0.04,0.05,0.01,0.02,0.054550546,0,0.56122449,0.01,normal
0.397260274,0.03,0.10694415,0.03,0.466666667,0.02,0.03,0.03,0.03,0.02,0.028290283,0,0.142857143,0.12,normal
0.493150685,0.03,0.202488076,0.02,0.6,0.01,0.05,0.01,0.02,0.02,0,0.459366391,0.408163265,0.01,normal
0.315068493,0.03,0.134381102,0.06,0.666666667,0.01,0.01,0.01,0.01,0.02,0,0,0.244897959,0.35,normal
0.232876712,0.03,0.07928693,0.03,0.466666667,0.01,0.03,0.04,0.01,0.01,0,0.394628099,0.183673469,0.01,normal
0.630136986,0.06,0.217632854,0.02,0.6,0.02,0.02,0.03,0.04,0.02,0.150241502,0,0.408163265,0.01,abnormal
0.315068493,0.03,0.088220698,0.06,0.666666667,0.01,0.01,0.01,0.01,0.02,0,0.395087236,0.408163265,0.01,normal
0.506849315,0.03,0.180658438,0.06,0.666666667,0.02,0.02,0.02,0.02,0.01,0,0.433195592,0.612244898,0.02,abnormal
0.616438356,0.03,0.117118624,0.09,1.066666667,0.03,0.04,0.05,0.02,0.02,0,0.689623508,0.357142857,0.01,abnormal
0.452054795,0.03,0.12969429,0.02,0.6,0.01,0.01,0.01,0.01,0.02,0,0.371212121,0.408163265,0.01,normal
0.575342466,0.03,0.157014989,0.01,0.866666667,0.02,0.01,0.03,0.03,0.02,0,0.433195592,0.408163265,0.12,abnormal
0.849315068,0.03,0.055145839,0.06,0.666666667,0.03,0.01,0.01,0.01,0.01,0,0.453168044,0.408163265,0.01,normal
0.479452055,0.03,0.150205719,0.02,0.6,0.03,0.05,0.05,0.02,0.02,0,0.365932048,0.408163265,0.01,normal
0.561643836,0.03,0.02494942,0.06,0.666666667,0.03,0.02,0.01,0.01,0.01,0.046500465,0,0.408163265,0.01,normal
0.726027397,0.03,0.130233402,0.16,0.133333333,0.03,0.05,0.05,0.02,0.02,0,0,0.408163265,0.22,normal
0.643835616,0.03,0.122340469,0.06,0.666666667,0.07,0.07,0.05,0.01,0.02,0,0,0.255102041,0.32,normal
0.547945205,0.02,0.022645445,0.11,1,0.03,0.05,0.01,0.01,0.02,0,0.536960514,0.357142857,0.01,normal
0.835616438,0.03,0.454378709,0.16,0.133333333,0.07,0.03,0.01,0.01,0.02,0,0,0.408163265,0.01,normal
0.589041096,0.05,0.023549631,0.02,0.6,0.02,0.02,0.02,0.05,0.01,0,0.433195592,0.408163265,0.01,abnormal
0.575342466,0.02,0.022126048,0.11,1,0.03,0.04,0.05,0.01,0.01,0.074300743,0,0.408163265,0.01,abnormal
0.301369863,0.04,0.038897681,0.06,0.666666667,0.01,0.01,0.04,0.02,0.01,0,0,0.204081633,0.01,normal
0.547945205,0.03,0.385154079,0.14,0.066666667,0.02,0.05,0.02,0.01,0.01,0,0.383838384,0.408163265,0.05,normal
0.602739726,0.03,0.035370676,0.16,0.133333333,0.02,0.05,0.03,0.03,0.02,0,0,0.408163265,0.37,normal
0.684931507,0.06,0.082560356,0.03,0.466666667,0.01,0.02,0.06,0.01,0.01,0,0.561065197,0.408163265,0.01,abnormal
0.328767123,0.03,0.290757722,0.16,0.133333333,0.02,0.03,0.06,0.01,0.01,0,0,0.408163265,0.05,normal
1.01369863,0.02,0.135380465,0.01,0.866666667,0.07,0.11,0.01,0.01,0.01,0.158311583,0,0.081632653,0.1,abnormal
0.630136986,0.03,0.094847091,0.14,0.066666667,0.02,0.09,0.06,0.02,0.01,0,0,0.765306122,0.22,normal
0.246575342,0.03,0.028132427,0.02,0.6,0.01,0.06,0.04,0.01,0.02,0,0.367768595,0.204081633,0.01,normal
