9 7 6 4 5 6 7 7 9 6 6 4 6 5 6 5 8 7 5 7
8 7 7 4 6 5 8 5 5 6 5 6 5 5 4 5 11 7 11 5 6 4 5 6 8 6 8 4 11 8 5 6 6 5 8 5 4 5 11 6
9 9 6 6 6 6 7 7 6 6 8 7 7 7 5 5 5 5 4 6 8 5 8 6 4 5 6 7 7 5 6 7 8 5 5 5 4 5 6 4
11 6 11 6 11 6 11 6 11 6 11 6 11 6 11 6 11 6 11 6 11 6 11 6 11 6 11 6 11 5 11 6 11 6 11 6 11 5 11 6
11 11 11 11 11 11 11 11 11 11 11 11 11 11 11 11 11 11 11 11
11 9 11 10 11 9 11 9 11 9 11 9 11 9 11 9 11 9 11 9 11 10 11 10 11 9 11 9 11 9 11 8 11 9 11 9 11 10 11 9
7 8 7 8 7 8 7 8 7 8 7 8 7 8 7 8 7 8 7 8 7 8 7 8 7 8 7 8 7 8 7
10 14 10 14 10 14 10 10 10 10 10 14 10
9 6 9 6 9 6 9 6 9 6 9 6 9 6 9 6 9 6 9 6 9 6 9 6 9 6
9 9 9 10 9 8 9 9 9 10 9 8 9 8
8 8 8 6 8 7 8 6 8 6 8 5 8 7 8 7 8 7 9 7 12 7 8 7 7 7 7 8 7 8 5 6 9 7 9 7 9 6 9 7 9 7 9 7 9 6 9 2 2 2 2 14 10 14 7 9 9 9 9 9 9 8
7 8 2 8 11 9 7 6 7 5 7 9 5 5 5 2 8 2 5 7 6 7 6 5 6 7 4 5 4 7 9 7 4 6 7 6 3 7 4 4 4 6 9 5 5 5 7 5 7 8 5 10 4 9 5 8 7 4 5 4 8 6 4
3 5 6 7 5 7 8 7 6 7 5 6 3 5 6 6 5 8 8 5 6 10 13 8 6 2 5 4 4 5 5 9 5 6 6 6 4 6 5 7 5 8 5 6 8 6 78 4 5 9 6 4 4 4 3 7 4 4 5 5 4 6 5 4 4 4 6 3 5 3 4 11 5 4 4 3 4 4 4 5 5 7 6 8 4 7 4 7 4 6 5 5 5 5 6 4 8 4 4 4 5 4 4 6 4 8 3 5 6 6 5 4 5 4 6 4 3 4 4 5 4 5 4 6 4 4 4 4 5 4 4 8 4 5 4 5 4 5 5 7 6 8 4 4 7 4 5 6 4 4 5 3 5 6 5 4 6 7 5 5 6 3 6 5 10 3 5 4 5 5 6 3 4 5 7 4 5 7 5 6 5 3 4 4 4 5 5 3 5 3 5 5 5 4 5 5 6 6 5 6 6 4 3 4 3 4 6 5 4 4 4 8 6 5 5 5 5 5 3 11 7 4 