1,tcp,smtp,SF,3170,329,0,0,0,0,0,1,0,0,0,0,0,0,0,0,0,0,1,2,0.00,0.00,0.00,0.00,1.00,0.00,1.00,54,39,0.72,0.11,0.02,0.00,0.02,0.00,0.09,0.13,normal.,null
0,tcp,ftp_data,SF,740,0,0,0,0,0,0,0,0,0,0,0,0,0,0,0,0,0,2,2,0.00,0.00,0.00,0.00,1.00,0.00,0.00,77,33,0.34,0.08,0.34,0.06,0.00,0.00,0.00,0.00,normal.,null
0,tcp,ftp_data,SF,35195,0,0,0,0,0,0,0,0,0,0,0,0,0,0,0,0,0,10,10,0.00,0.00,0.00,0.00,1.00,0.00,0.00,92,44,0.43,0.07,0.43,0.05,0.00,0.00,0.00,0.00,normal.,null
0,tcp,ftp_data,SF,8325,0,0,0,0,0,0,0,0,0,0,0,0,0,0,0,0,0,20,20,0.00,0.00,0.00,0.00,1.00,0.00,0.00,103,54,0.49,0.06,0.49,0.04,0.00,0.00,0.00,0.00,normal.,null
1,tcp,smtp,SF,1661,330,0,0,0,0,0,1,0,0,0,0,0,0,0,0,0,0,1,3,0.00,0.00,0.00,0.00,1.00,0.00,1.00,172,126,0.37,0.04,0.01,0.02,0.01,0.00,0.02,0.02,normal.,null
0,tcp,smtp,SF,908,330,0,0,0,0,0,1,0,0,0,0,0,0,0,0,0,0,1,1,0.00,0.00,0.00,0.00,1.00,0.00,0.00,240,101,0.38,0.03,0.00,0.02,0.01,0.00,0.01,0.03,normal.,null
1,tcp,smtp,SF,1018,333,0,0,0,0,0,1,0,0,0,0,0,0,0,0,0,0,1,3,0.00,0.00,0.00,0.00,1.00,0.00,1.00,1,112,1.00,0.00,1.00,0.02,0.00,0.00,0.00,0.00,normal.,null
1,tcp,smtp,SF,1145,329,0,0,0,0,0,1,0,0,0,0,0,0,0,0,0,0,1,1,0.00,0.00,0.00,0.00,1.00,0.00,0.00,4,160,0.75,0.50,0.25,0.02,0.00,0.00,0.00,0.00,normal.,null
0,tcp,ftp_data,SF,884,0,0,0,0,0,0,0,0,0,0,0,0,0,0,0,0,0,2,2,0.00,0.00,0.00,0.00,1.00,0.00,0.00,14,39,0.43,0.14,0.43,0.05,0.00,0.00,0.00,0.00,normal.,null
0,tcp,ftp_data,SF,854,0,0,0,0,0,0,0,0,0,0,0,0,0,0,0,0,0,10,10,0.00,0.00,0.00,0.00,1.00,0.00,0.00,24,49,0.67,0.08,0.67,0.04,0.00,0.00,0.00,0.00,normal.,null
1,tcp,smtp,SF,1625,377,0,0,0,0,0,1,0,0,0,0,0,0,0,0,0,0,1,2,0.00,0.00,0.00,0.00,1.00,0.00,1.00,8,160,0.88,0.25,0.12,0.02,0.00,0.00,0.00,0.00,normal.,null
0,tcp,other,SF,1214,0,0,0,0,0,0,0,0,0,0,0,0,0,0,0,0,0,9,1,0.00,0.00,0.00,0.00,0.11,0.56,0.00,25,1,0.04,0.40,0.76,0.00,0.00,0.00,0.00,0.00,normal.,null
0,tcp,smtp,SF,764,329,0,0,0,0,0,1,0,0,0,0,0,0,0,0,0,0,1,1,0.00,0.00,0.00,0.00,1.00,0.00,0.00,12,159,0.83,0.25,0.08,0.01,0.00,0.00,0.00,0.00,normal.,null
0,tcp,ftp_data,SF,15722,0,0,0,0,0,0,0,0,0,0,0,0,0,0,0,0,0,1,1,0.00,0.00,0.00,0.00,1.00,0.00,0.00,19,47,0.63,0.11,0.63,0.06,0.00,0.00,0.05,0.00,normal.,null
0,tcp,smtp,SF,1145,332,0,0,0,0,0,1,0,0,0,0,0,0,0,0,0,0,1,1,0.00,0.00,0.00,0.00,1.00,0.00,0.00,14,100,0.79,0.14,0.07,0.03,0.00,0.00,0.00,0.00,normal.,null
0,tcp,smtp,SF,765,325,0,0,0,0,0,1,0,0,0,0,0,0,0,0,0,0,1,2,0.00,0.00,0.00,0.00,1.00,0.00,1.00,46,91,0.20,0.37,0.02,0.02,0.02,0.00,0.00,0.00,normal.,null
0,tcp,smtp,SF,2229,481,0,0,0,0,0,1,0,0,0,0,0,0,0,0,0,0,1,1,0.00,0.00,0.00,0.00,1.00,0.00,0.00,255,6,0.02,0.02,0.00,0.00,0.00,0.00,0.00,0.00,normal.,null
0,tcp,smtp,SF,1483,475,0,0,0,0,0,1,0,0,0,0,0,0,0,0,0,0,1,2,0.00,0.00,0.00,0.00,1.00,0.00,1.00,255,14,0.05,0.02,0.00,0.00,0.00,0.00,0.00,0.00,normal.,null
0,tcp,smtp,SF,910,332,0,0,0,0,0,1,0,0,0,0,0,0,0,0,0,0,1,1,0.00,0.00,0.00,0.00,1.00,0.00,0.00,27,172,0.96,0.07,0.04,0.01,0.00,0.00,0.00,0.00,normal.,null
1,tcp,smtp,SF,1676,333,0,0,0,0,0,1,0,0,0,0,0,0,0,0,0,0,1,1,0.00,0.00,0.00,0.00,1.00,0.00,0.00,31,157,0.84,0.10,0.03,0.01,0.00,0.00,0.00,0.00,normal.,null
0,tcp,ftp_data,SF,740,0,0,0,0,0,0,0,0,0,0,0,0,0,0,0,0,0,2,2,0.00,0.00,0.00,0.00,1.00,0.00,0.00,35,65,0.06,0.11,0.06,0.03,0.00,0.00,0.00,0.00,normal.,null
0,tcp,ftp_data,SF,15722,0,0,0,0,0,0,0,0,0,0,0,0,0,0,0,0,0,2,2,0.00,0.00,0.00,0.00,1.00,0.00,0.00,41,71,0.20,0.10,0.20,0.03,0.00,0.00,0.00,0.00,normal.,null
1,tcp,smtp,SF,1718,327,0,0,0,0,0,1,0,0,0,0,0,0,0,0,0,0,1,3,0.00,0.00,0.00,0.00,1.00,0.00,1.00,47,31,0.66,0.11,0.02,0.00,0.00,0.00,0.00,0.00,normal.,null
0,tcp,smtp,SF,1177,334,0,0,0,0,0,1,0,0,0,0,0,0,0,0,0,0,1,1,0.00,0.00,0.00,0.00,1.00,0.00,0.00,53,164,0.49,0.11,0.02,0.02,0.00,0.00,0.06,0.04,normal.,null
1,tcp,smtp,SF,1901,329,0,0,0,0,0,1,0,0,0,0,0,0,0,0,0,0,1,2,0.00,0.00,0.00,0.00,1.00,0.00,1.00,48,99,0.65,0.08,0.02,0.03,0.02,0.01,0.00,0.00,normal.,null
1,tcp,smtp,SF,1975,406,0,0,0,0,0,1,0,0,0,0,0,0,0,0,0,0,1,4,0.00,0.00,0.00,0.00,1.00,0.00,1.00,66,158,0.59,0.06,0.02,0.01,0.00,0.00,0.00,0.00,normal.,null
0,tcp,smtp,SF,1207,401,0,0,0,0,0,1,0,0,0,0,0,0,0,0,0,0,1,4,0.00,0.00,0.00,0.00,1.00,0.00,1.00,255,5,0.02,0.37,0.00,0.00,0.00,0.00,0.00,0.00,normal.,null
0,tcp,smtp,SF,1356,327,0,0,0,0,0,1,0,0,0,0,0,0,0,0,0,0,1,2,0.00,0.00,0.00,0.00,1.00,0.00,1.00,186,53,0.28,0.06,0.01,0.00,0.00,0.00,0.01,0.02,normal.,null
0,tcp,smtp,SF,849,325,0,0,0,0,0,1,0,0,0,0,0,0,0,0,0,0,1,1,0.00,0.00,0.00,0.00,1.00,0.00,0.00,123,92,0.39,0.15,0.01,0.02,0.01,0.00,0.00,0.00,normal.,null
0,tcp,smtp,SF,2955,331,0,0,0,0,0,1,0,0,0,0,0,0,0,0,0,0,1,1,0.00,0.00,0.00,0.00,1.00,0.00,0.00,80,117,0.71,0.05,0.01,0.02,0.00,0.00,0.04,0.07,normal.,null
0,tcp,smtp,SF,1219,320,0,0,0,0,0,1,0,0,0,0,0,0,0,0,0,0,1,3,0.00,0.00,0.00,0.00,1.00,0.00,1.00,116,149,0.39,0.06,0.01,0.01,0.00,0.00,0.03,0.02,normal.,null
0,tcp,smtp,SF,822,335,0,0,0,0,0,1,0,0,0,0,0,0,0,0,0,0,1,1,0.00,0.00,0.00,0.00,1.00,0.00,0.00,122,149,0.40,0.06,0.01,0.01,0.00,0.00,0.02,0.02,normal.,null
2,tcp,smtp,SF,710,334,0,0,0,0,0,1,0,0,0,0,0,0,0,0,0,0,1,3,0.00,0.00,0.00,0.00,1.00,0.00,1.00,99,67,0.68,0.04,0.01,0.00,0.00,0.00,0.02,0.03,normal.,null
1,tcp,smtp,SF,1949,473,0,0,0,0,0,1,0,0,0,0,0,0,0,0,0,0,1,3,0.00,0.00,0.00,0.00,1.00,0.00,1.00,101,177,0.68,0.04,0.01,0.01,0.00,0.00,0.00,0.00,normal.,null
1,tcp,smtp,SF,1810,340,0,0,0,0,0,1,0,0,0,0,0,0,0,0,0,0,1,3,0.00,0.00,0.00,0.00,1.00,0.00,1.00,75,146,0.73,0.08,0.03,0.01,0.01,0.00,0.00,0.00,normal.,null
0,tcp,smtp,SF,1407,331,0,0,0,0,0,1,0,0,0,0,0,0,0,0,0,0,1,2,0.00,0.00,0.00,0.00,1.00,0.00,1.00,137,150,0.42,0.05,0.01,0.01,0.00,0.00,0.02,0.02,normal.,null
0,tcp,smtp,SF,1244,411,0,0,0,0,0,1,0,0,0,0,0,0,0,0,0,0,1,2,0.00,0.00,0.00,0.00,1.00,0.00,1.00,130,138,0.52,0.05,0.01,0.01,0.00,0.00,0.00,0.00,normal.,null
0,tcp,ftp_data,SF,8766,0,0,0,0,0,0,0,0,0,0,0,0,0,0,0,0,0,8,8,0.00,0.00,0.00,0.00,1.00,0.00,0.00,93,37,0.23,0.05,0.23,0.05,0.00,0.00,0.00,0.00,normal.,null
0,tcp,smtp,SF,1308,332,0,0,0,0,0,1,0,0,0,0,0,0,0,0,0,0,1,1,0.00,0.00,0.00,0.00,1.00,0.00,0.00,104,178,0.69,0.04,0.01,0.01,0.00,0.00,0.00,0.00,normal.,null
1,tcp,smtp,SF,2362,329,0,0,0,0,0,1,0,0,0,0,0,0,0,0,0,0,1,2,0.00,0.00,0.00,0.00,1.00,0.00,1.00,106,62,0.58,0.04,0.01,0.00,0.00,0.00,0.00,0.00,normal.,null
1,tcp,smtp,SF,2943,482,0,0,0,0,0,1,0,0,0,0,0,0,0,0,0,0,1,4,0.00,0.00,0.00,0.00,1.00,0.00,1.00,255,8,0.03,0.01,0.01,0.00,0.00,0.00,0.00,0.00,normal.,null
1,tcp,smtp,SF,2969,330,0,0,0,0,0,1,0,0,0,0,0,0,0,0,0,0,1,2,0.00,0.00,0.00,0.00,1.00,0.00,1.00,153,98,0.46,0.12,0.01,0.02,0.01,0.00,0.00,0.00,normal.,null
707,tcp,domain,SF,1562,0,0,0,0,0,0,0,0,0,0,0,0,0,0,0,0,0,1,1,0.00,0.00,0.00,0.00,1.00,0.00,0.00,255,1,0.00,0.02,0.00,0.00,0.00,0.00,0.00,0.00,named.,null
1,tcp,smtp,SF,5862,332,0,0,0,0,0,1,0,0,0,0,0,0,0,0,0,0,1,2,0.00,0.00,0.00,0.00,1.00,0.00,1.00,84,139,0.74,0.05,0.01,0.01,0.00,0.00,0.05,0.03,normal.,null
0,tcp,smtp,SF,1105,326,0,0,0,0,0,1,0,0,0,0,0,0,0,0,0,0,1,1,0.00,0.00,0.00,0.00,1.00,0.00,0.00,222,77,0.35,0.05,0.00,0.00,0.00,0.00,0.00,0.01,normal.,null
0,tcp,smtp,SF,834,332,0,0,0,0,0,1,0,0,0,0,0,0,0,0,0,0,1,1,0.00,0.00,0.00,0.00,1.00,0.00,0.00,173,92,0.47,0.10,0.01,0.02,0.01,0.00,0.00,0.00,normal.,null
0,tcp,smtp,SF,736,330,0,0,0,0,0,1,0,0,0,0,0,0,0,0,0,0,1,1,0.00,0.00,0.00,0.00,1.00,0.00,0.00,121,76,0.63,0.04,0.01,0.00,0.00,0.00,0.00,0.00,normal.,null
0,tcp,smtp,SF,1341,375,0,0,0,0,0,1,0,0,0,0,0,0,0,0,0,0,1,1,0.00,0.00,0.00,0.00,1.00,0.00,0.00,109,179,0.75,0.06,0.01,0.01,0.01,0.01,0.06,0.04,normal.,null
0,tcp,smtp,SF,1570,332,0,0,0,0,0,1,0,0,0,0,0,0,0,0,0,0,1,1,0.00,0.00,0.00,0.00,1.00,0.00,0.00,100,172,0.82,0.06,0.01,0.01,0.00,0.00,0.00,0.00,normal.,null
0,tcp,ftp_data,SF,15471,0,0,0,0,0,0,0,0,0,0,0,0,0,0,0,0,0,1,1,0.00,0.00,0.00,0.00,1.00,0.00,0.00,212,54,0.24,0.03,0.24,0.04,0.00,0.00,0.01,0.00,normal.,null
1,tcp,smtp,SF,4721,334,0,0,0,0,0,1,0,0,0,0,0,0,0,0,0,0,1,3,0.00,0.00,0.00,0.00,1.00,0.00,1.00,172,170,0.61,0.03,0.01,0.01,0.00,0.00,0.02,0.02,normal.,null
0,tcp,smtp,SF,1517,388,0,0,0,0,0,1,0,0,0,0,0,0,0,0,0,0,1,1,0.00,0.00,0.00,0.00,1.00,0.00,0.00,255,11,0.04,0.96,0.00,0.00,0.00,0.00,0.95,0.09,normal.,null
433,tcp,X11,SF,31645608,207796,0,0,0,0,0,0,0,0,0,0,0,0,0,0,0,0,1,1,0.00,0.00,0.00,0.00,1.00,0.00,0.00,255,2,0.01,0.02,0.00,0.00,0.00,0.00,0.00,0.00,xlock.,null
0,tcp,ftp_data,SF,15722,0,0,0,0,0,0,0,0,0,0,0,0,0,0,0,0,0,7,7,0.00,0.00,0.00,0.00,1.00,0.00,0.00,224,36,0.16,0.03,0.16,0.00,0.00,0.00,0.01,0.00,normal.,null
1,tcp,smtp,SF,1955,408,0,0,0,0,0,1,0,0,0,0,0,0,0,0,0,0,1,3,0.00,0.00,0.00,0.00,1.00,0.00,1.00,137,178,0.85,0.04,0.01,0.01,0.00,0.00,0.00,0.00,normal.,null
0,tcp,ftp_data,SF,7658,0,0,0,0,0,0,0,0,0,0,0,0,0,0,0,0,0,2,3,0.00,0.00,0.00,0.00,1.00,0.00,0.67,202,55,0.27,0.02,0.27,0.00,0.00,0.00,0.00,0.00,normal.,null
0,tcp,smtp,SF,1051,331,0,0,0,0,0,1,0,0,0,0,0,0,0,0,0,0,1,1,0.00,0.00,0.00,0.00,1.00,0.00,0.00,187,164,0.72,0.03,0.01,0.01,0.00,0.00,0.02,0.02,normal.,null
0,tcp,smtp,SF,874,333,0,0,0,0,0,1,0,0,0,0,0,0,0,0,0,0,1,2,0.00,0.00,0.00,0.00,1.00,0.00,1.00,196,137,0.70,0.03,0.01,0.00,0.00,0.00,0.00,0.00,normal.,null
1,tcp,smtp,SF,1598,329,0,0,0,0,0,1,0,0,0,0,0,0,0,0,0,0,1,1,0.00,0.00,0.00,0.00,1.00,0.00,0.00,231,151,0.61,0.03,0.00,0.01,0.00,0.00,0.01,0.01,normal.,null
1,tcp,smtp,SF,802,330,0,0,0,0,0,1,0,0,0,0,0,0,0,0,0,0,1,2,0.00,0.00,0.00,0.00,1.00,0.00,1.00,146,184,0.86,0.04,0.01,0.01,0.00,0.00,0.00,0.00,normal.,null
0,tcp,smtp,SF,1396,324,0,0,0,0,0,1,0,0,0,0,0,0,0,0,0,0,1,1,0.00,0.00,0.00,0.00,1.00,0.00,0.00,210,135,0.62,0.02,0.00,0.01,0.00,0.01,0.00,0.00,normal.,null
247,tcp,X11,SF,1262796,15820,0,0,0,0,0,0,0,0,0,0,0,0,0,0,0,0,1,1,0.00,0.00,0.00,0.00,1.00,0.00,0.00,255,1,0.00,0.71,0.00,0.00,0.00,0.00,0.69,0.00,xlock.,null
0,tcp,smtp,SF,868,339,0,0,0,0,0,1,0,0,0,0,0,0,0,0,0,0,1,1,0.00,0.00,0.00,0.00,1.00,0.00,0.00,1,167,1.00,0.00,1.00,0.02,0.00,0.00,0.00,0.02,normal.,null
0,tcp,smtp,SF,1430,328,0,0,0,0,0,1,0,0,0,0,0,0,0,0,0,0,1,1,0.00,0.00,0.00,0.00,1.00,0.00,0.00,2,119,0.50,1.00,0.50,0.02,0.00,0.00,0.00,0.00,normal.,null
0,tcp,smtp,SF,1993,392,0,0,0,0,0,1,0,0,0,0,0,0,0,0,0,0,1,3,0.00,0.00,0.00,0.00,1.00,0.00,1.00,2,109,1.00,0.00,0.50,0.02,0.00,0.01,0.00,0.00,normal.,null
22,tcp,ftp_data,SF,6932,0,0,0,0,0,0,0,0,0,0,0,0,0,0,0,0,0,1,1,0.00,0.00,0.00,0.00,1.00,0.00,0.00,4,4,1.00,0.00,1.00,0.00,0.00,0.00,0.00,0.00,normal.,null
0,icmp,ecr_i,SF,1032,0,0,0,0,0,0,0,0,0,0,0,0,0,0,0,0,0,508,508,0.00,0.00,0.00,0.00,1.00,0.00,0.00,42,41,0.98,0.05,0.98,0.00,0.00,0.00,0.00,0.00,smurf.,null
0,icmp,ecr_i,SF,1032,0,0,0,0,0,0,0,0,0,0,0,0,0,0,0,0,0,509,509,0.00,0.00,0.00,0.00,1.00,0.00,0.00,31,30,0.97,0.06,0.97,0.00,0.00,0.00,0.00,0.00,smurf.,null
0,icmp,ecr_i,SF,1032,0,0,0,0,0,0,0,0,0,0,0,0,0,0,0,0,0,510,510,0.00,0.00,0.00,0.00,1.00,0.00,0.00,23,22,0.96,0.09,0.96,0.00,0.00,0.00,0.00,0.00,smurf.,null
0,icmp,ecr_i,SF,1032,0,0,0,0,0,0,0,0,0,0,0,0,0,0,0,0,0,510,510,0.00,0.00,0.00,0.00,1.00,0.00,0.00,51,50,0.98,0.04,0.98,0.00,0.00,0.00,0.00,0.00,smurf.,null
0,icmp,ecr_i,SF,1032,0,0,0,0,0,0,0,0,0,0,0,0,0,0,0,0,0,511,511,0.00,0.00,0.00,0.00,1.00,0.00,0.00,24,23,0.96,0.08,0.96,0.00,0.00,0.00,0.00,0.00,smurf.,null
0,icmp,ecr_i,SF,1032,0,0,0,0,0,0,0,0,0,0,0,0,0,0,0,0,0,511,511,0.00,0.00,0.00,0.00,1.00,0.00,0.00,5,4,0.80,0.40,0.80,0.00,0.00,0.00,0.00,0.00,smurf.,null
0,icmp,ecr_i,SF,1032,0,0,0,0,0,0,0,0,0,0,0,0,0,0,0,0,0,511,511,0.00,0.00,0.00,0.00,1.00,0.00,0.00,66,65,0.98,0.03,0.98,0.00,0.00,0.00,0.00,0.00,smurf.,null
0,icmp,ecr_i,SF,1032,0,0,0,0,0,0,0,0,0,0,0,0,0,0,0,0,0,506,506,0.00,0.00,0.00,0.00,1.00,0.00,0.00,99,98,0.99,0.02,0.99,0.00,0.00,0.00,0.00,0.00,smurf.,null
0,icmp,ecr_i,SF,1032,0,0,0,0,0,0,0,0,0,0,0,0,0,0,0,0,0,509,509,0.00,0.00,0.00,0.00,1.00,0.00,0.00,117,116,0.99,0.02,0.99,0.00,0.00,0.00,0.00,0.00,smurf.,null
0,icmp,ecr_i,SF,1032,0,0,0,0,0,0,0,0,0,0,0,0,0,0,0,0,0,509,509,0.00,0.00,0.00,0.00,1.00,0.00,0.00,87,86,0.99,0.02,0.99,0.00,0.00,0.00,0.00,0.00,smurf.,null
0,icmp,ecr_i,SF,1032,0,0,0,0,0,0,0,0,0,0,0,0,0,0,0,0,0,510,510,0.00,0.00,0.00,0.00,1.00,0.00,0.00,74,73,0.99,0.03,0.99,0.00,0.00,0.00,0.00,0.00,smurf.,null
0,icmp,ecr_i,SF,1032,0,0,0,0,0,0,0,0,0,0,0,0,0,0,0,0,0,511,511,0.00,0.00,0.00,0.00,1.00,0.00,0.00,102,101,0.99,0.02,0.99,0.00,0.00,0.00,0.00,0.00,smurf.,null
0,icmp,ecr_i,SF,1032,0,0,0,0,0,0,0,0,0,0,0,0,0,0,0,0,0,511,511,0.00,0.00,0.00,0.00,1.00,0.00,0.00,130,129,0.99,0.02,0.99,0.00,0.00,0.00,0.00,0.00,smurf.,null
0,icmp,ecr_i,SF,1032,0,0,0,0,0,0,0,0,0,0,0,0,0,0,0,0,0,511,511,0.00,0.00,0.00,0.00,1.00,0.00,0.00,85,84,0.99,0.02,0.99,0.00,0.00,0.00,0.00,0.00,smurf.,null
0,icmp,ecr_i,SF,1032,0,0,0,0,0,0,0,0,0,0,0,0,0,0,0,0,0,508,508,0.00,0.00,0.00,0.00,1.00,0.00,0.00,145,144,0.99,0.01,0.99,0.00,0.00,0.00,0.00,0.00,smurf.,null
0,icmp,ecr_i,SF,1032,0,0,0,0,0,0,0,0,0,0,0,0,0,0,0,0,0,509,509,0.00,0.00,0.00,0.00,1.00,0.00,0.00,162,161,0.99,0.01,0.99,0.00,0.00,0.00,0.00,0.00,smurf.,null
0,icmp,ecr_i,SF,1032,0,0,0,0,0,0,0,0,0,0,0,0,0,0,0,0,0,510,510,0.00,0.00,0.00,0.00,1.00,0.00,0.00,147,146,0.99,0.01,0.99,0.00,0.00,0.00,0.00,0.00,smurf.,null
0,icmp,ecr_i,SF,1032,0,0,0,0,0,0,0,0,0,0,0,0,0,0,0,0,0,510,510,0.00,0.00,0.00,0.00,1.00,0.00,0.00,188,187,0.99,0.01,0.99,0.00,0.00,0.00,0.00,0.00,smurf.,null
0,icmp,ecr_i,SF,1032,0,0,0,0,0,0,0,0,0,0,0,0,0,0,0,0,0,511,511,0.00,0.00,0.00,0.00,1.00,0.00,0.00,155,154,0.99,0.01,0.99,0.00,0.00,0.00,0.00,0.00,smurf.,null
0,icmp,ecr_i,SF,1032,0,0,0,0,0,0,0,0,0,0,0,0,0,0,0,0,0,511,511,0.00,0.00,0.00,0.00,1.00,0.00,0.00,177,176,0.99,0.01,0.99,0.00,0.00,0.00,0.00,0.00,smurf.,null
0,icmp,ecr_i,SF,1032,0,0,0,0,0,0,0,0,0,0,0,0,0,0,0,0,0,511,511,0.00,0.00,0.00,0.00,1.00,0.00,0.00,205,204,1.00,0.01,1.00,0.00,0.00,0.00,0.00,0.00,smurf.,null
0,icmp,ecr_i,SF,1032,0,0,0,0,0,0,0,0,0,0,0,0,0,0,0,0,0,504,504,0.00,0.00,0.00,0.00,1.00,0.00,0.00,245,244,1.00,0.01,1.00,0.00,0.00,0.00,0.00,0.00,smurf.,null
0,icmp,ecr_i,SF,1032,0,0,0,0,0,0,0,0,0,0,0,0,0,0,0,0,0,509,509,0.00,0.00,0.00,0.00,1.00,0.00,0.00,232,231,1.00,0.01,1.00,0.00,0.00,0.00,0.00,0.00,smurf.,null
0,icmp,ecr_i,SF,1032,0,0,0,0,0,0,0,0,0,0,0,0,0,0,0,0,0,510,510,0.00,0.00,0.00,0.00,1.00,0.00,0.00,220,219,1.00,0.01,1.00,0.00,0.00,0.00,0.00,0.00,smurf.,null
0,icmp,ecr_i,SF,1032,0,0,0,0,0,0,0,0,0,0,0,0,0,0,0,0,0,510,510,0.00,0.00,0.00,0.00,1.00,0.00,0.00,255,255,1.00,0.00,1.00,0.00,0.00,0.00,0.00,0.00,smurf.,null
0,icmp,ecr_i,SF,1032,0,0,0,0,0,0,0,0,0,0,0,0,0,0,0,0,0,511,511,0.00,0.00,0.00,0.00,1.00,0.00,0.00,225,224,1.00,0.01,1.00,0.00,0.00,0.00,0.00,0.00,smurf.,null
0,icmp,ecr_i,SF,1032,0,0,0,0,0,0,0,0,0,0,0,0,0,0,0,0,0,511,511,0.00,0.00,0.00,0.00,1.00,0.00,0.00,244,243,1.00,0.01,1.00,0.00,0.00,0.00,0.00,0.00,smurf.,null
0,icmp,ecr_i,SF,1032,0,0,0,0,0,0,0,0,0,0,0,0,0,0,0,0,0,511,511,0.00,0.00,0.00,0.00,1.00,0.00,0.00,255,255,1.00,0.00,1.00,0.00,0.00,0.00,0.00,0.00,smurf.,null
0,icmp,ecr_i,SF,1032,0,0,0,0,0,0,0,0,0,0,0,0,0,0,0,0,0,508,508,0.00,0.00,0.00,0.00,1.00,0.00,0.00,255,255,1.00,0.00,1.00,0.00,0.00,0.00,0.00,0.00,smurf.,null
0,icmp,ecr_i,SF,1032,0,0,0,0,0,0,0,0,0,0,0,0,0,0,0,0,0,509,509,0.00,0.00,0.00,0.00,1.00,0.00,0.00,255,255,1.00,0.00,1.00,0.00,0.00,0.00,0.00,0.00,smurf.,null
0,icmp,ecr_i,SF,1032,0,0,0,0,0,0,0,0,0,0,0,0,0,0,0,0,0,504,504,0.00,0.00,0.00,0.00,1.00,0.00,0.00,255,255,1.00,0.00,1.00,0.00,0.00,0.00,0.00,0.00,smurf.,null
0,icmp,ecr_i,SF,1032,0,0,0,0,0,0,0,0,0,0,0,0,0,0,0,0,0,494,494,0.00,0.00,0.00,0.00,1.00,0.00,0.00,255,255,1.00,0.00,1.00,0.00,0.00,0.00,0.00,0.00,smurf.,null
0,icmp,ecr_i,SF,1032,0,0,0,0,0,0,0,0,0,0,0,0,0,0,0,0,0,12,12,0.00,0.00,0.00,0.00,1.00,0.00,0.00,255,255,1.00,0.00,1.00,0.00,0.00,0.00,0.00,0.00,smurf.,null
0,icmp,ecr_i,SF,1032,0,0,0,0,0,0,0,0,0,0,0,0,0,0,0,0,0,403,403,0.00,0.00,0.00,0.00,1.00,0.00,0.00,255,255,1.00,0.00,1.00,0.00,0.00,0.00,0.00,0.00,smurf.,null
0,icmp,ecr_i,SF,1032,0,0,0,0,0,0,0,0,0,0,0,0,0,0,0,0,0,405,405,0.00,0.00,0.00,0.00,1.00,0.00,0.00,255,255,1.00,0.00,1.00,0.00,0.00,0.00,0.00,0.00,smurf.,null
0,icmp,ecr_i,SF,1032,0,0,0,0,0,0,0,0,0,0,0,0,0,0,0,0,0,22,22,0.00,0.00,0.00,0.00,1.00,0.00,0.00,255,255,1.00,0.00,1.00,0.00,0.00,0.00,0.00,0.00,smurf.,null
0,icmp,ecr_i,SF,1032,0,0,0,0,0,0,0,0,0,0,0,0,0,0,0,0,0,409,409,0.00,0.00,0.00,0.00,1.00,0.00,0.00,255,255,1.00,0.00,1.00,0.00,0.00,0.00,0.00,0.00,smurf.,null
0,icmp,ecr_i,SF,1032,0,0,0,0,0,0,0,0,0,0,0,0,0,0,0,0,0,30,30,0.00,0.00,0.00,0.00,1.00,0.00,0.00,255,255,1.00,0.00,1.00,0.00,0.00,0.00,0.00,0.00,smurf.,null
0,icmp,ecr_i,SF,1032,0,0,0,0,0,0,0,0,0,0,0,0,0,0,0,0,0,506,506,0.00,0.00,0.00,0.00,1.00,0.00,0.00,255,255,1.00,0.00,1.00,0.00,0.00,0.00,0.00,0.00,smurf.,null
0,icmp,ecr_i,SF,1032,0,0,0,0,0,0,0,0,0,0,0,0,0,0,0,0,0,37,37,0.00,0.00,0.00,0.00,1.00,0.00,0.00,255,255,1.00,0.00,1.00,0.00,0.00,0.00,0.00,0.00,smurf.,null
0,icmp,ecr_i,SF,1032,0,0,0,0,0,0,0,0,0,0,0,0,0,0,0,0,0,43,43,0.00,0.00,0.00,0.00,1.00,0.00,0.00,255,255,1.00,0.00,1.00,0.00,0.00,0.00,0.00,0.00,smurf.,null
0,icmp,ecr_i,SF,1032,0,0,0,0,0,0,0,0,0,0,0,0,0,0,0,0,0,57,57,0.00,0.00,0.00,0.00,1.00,0.00,0.00,255,255,1.00,0.00,1.00,0.00,0.00,0.00,0.00,0.00,smurf.,null
0,icmp,ecr_i,SF,1032,0,0,0,0,0,0,0,0,0,0,0,0,0,0,0,0,0,424,424,0.00,0.00,0.00,0.00,1.00,0.00,0.00,255,255,1.00,0.00,1.00,0.00,0.00,0.00,0.00,0.00,smurf.,null
0,icmp,ecr_i,SF,1032,0,0,0,0,0,0,0,0,0,0,0,0,0,0,0,0,0,67,67,0.00,0.00,0.00,0.00,1.00,0.00,0.00,255,255,1.00,0.00,1.00,0.00,0.00,0.00,0.00,0.00,smurf.,null
0,icmp,ecr_i,SF,1032,0,0,0,0,0,0,0,0,0,0,0,0,0,0,0,0,0,448,448,0.00,0.00,0.00,0.00,1.00,0.00,0.00,255,255,1.00,0.00,1.00,0.00,0.00,0.00,0.00,0.00,smurf.,null
0,icmp,ecr_i,SF,1032,0,0,0,0,0,0,0,0,0,0,0,0,0,0,0,0,0,109,109,0.00,0.00,0.00,0.00,1.00,0.00,0.00,255,255,1.00,0.00,1.00,0.00,0.00,0.00,0.00,0.00,smurf.,null
0,icmp,ecr_i,SF,1032,0,0,0,0,0,0,0,0,0,0,0,0,0,0,0,0,0,112,112,0.00,0.00,0.00,0.00,1.00,0.00,0.00,255,255,1.00,0.00,1.00,0.00,0.00,0.00,0.00,0.00,smurf.,null
0,icmp,ecr_i,SF,1032,0,0,0,0,0,0,0,0,0,0,0,0,0,0,0,0,0,116,116,0.00,0.00,0.00,0.00,1.00,0.00,0.00,255,255,1.00,0.00,1.00,0.00,0.00,0.00,0.00,0.00,smurf.,null
0,icmp,ecr_i,SF,1032,0,0,0,0,0,0,0,0,0,0,0,0,0,0,0,0,0,453,453,0.00,0.00,0.00,0.00,1.00,0.00,0.00,255,255,1.00,0.00,1.00,0.00,0.00,0.00,0.00,0.00,smurf.,null
0,icmp,ecr_i,SF,1032,0,0,0,0,0,0,0,0,0,0,0,0,0,0,0,0,0,122,122,0.00,0.00,0.00,0.00,1.00,0.00,0.00,255,255,1.00,0.00,1.00,0.00,0.00,0.00,0.00,0.00,smurf.,null
0,icmp,ecr_i,SF,1032,0,0,0,0,0,0,0,0,0,0,0,0,0,0,0,0,0,456,456,0.00,0.00,0.00,0.00,1.00,0.00,0.00,255,255,1.00,0.00,1.00,0.00,0.00,0.00,0.00,0.00,smurf.,null
0,icmp,ecr_i,SF,1032,0,0,0,0,0,0,0,0,0,0,0,0,0,0,0,0,0,504,504,0.00,0.00,0.00,0.00,1.00,0.00,0.00,255,254,1.00,0.01,1.00,0.00,0.00,0.00,0.00,0.00,smurf.,null
0,icmp,ecr_i,SF,1032,0,0,0,0,0,0,0,0,0,0,0,0,0,0,0,0,0,509,509,0.00,0.00,0.00,0.00,1.00,0.00,0.00,255,254,1.00,0.01,1.00,0.00,0.00,0.00,0.00,0.00,smurf.,null
0,icmp,ecr_i,SF,1032,0,0,0,0,0,0,0,0,0,0,0,0,0,0,0,0,0,510,510,0.00,0.00,0.00,0.00,1.00,0.00,0.00,255,254,1.00,0.01,1.00,0.00,0.00,0.00,0.00,0.00,smurf.,null
0,icmp,ecr_i,SF,1032,0,0,0,0,0,0,0,0,0,0,0,0,0,0,0,0,0,511,511,0.00,0.00,0.00,0.00,1.00,0.00,0.00,255,254,1.00,0.01,1.00,0.00,0.00,0.00,0.00,0.00,smurf.,null
0,icmp,ecr_i,SF,1032,0,0,0,0,0,0,0,0,0,0,0,0,0,0,0,0,0,458,458,0.00,0.00,0.00,0.00,1.00,0.00,0.00,255,254,1.00,0.01,1.00,0.00,0.00,0.00,0.00,0.00,smurf.,null
0,icmp,ecr_i,SF,1032,0,0,0,0,0,0,0,0,0,0,0,0,0,0,0,0,0,137,137,0.00,0.00,0.00,0.00,1.00,0.00,0.00,255,255,1.00,0.00,1.00,0.00,0.00,0.00,0.00,0.00,smurf.,null
0,icmp,ecr_i,SF,1032,0,0,0,0,0,0,0,0,0,0,0,0,0,0,0,0,0,463,463,0.00,0.00,0.00,0.00,1.00,0.00,0.00,255,255,1.00,0.00,1.00,0.00,0.00,0.00,0.00,0.00,smurf.,null
0,icmp,ecr_i,SF,1032,0,0,0,0,0,0,0,0,0,0,0,0,0,0,0,0,0,194,194,0.00,0.00,0.00,0.00,1.00,0.00,0.00,255,255,1.00,0.00,1.00,0.00,0.00,0.00,0.00,0.00,smurf.,null
0,icmp,ecr_i,SF,1032,0,0,0,0,0,0,0,0,0,0,0,0,0,0,0,0,0,499,499,0.00,0.00,0.00,0.00,1.00,0.00,0.00,255,255,1.00,0.00,1.00,0.00,0.00,0.00,0.00,0.00,smurf.,null
0,icmp,ecr_i,SF,1032,0,0,0,0,0,0,0,0,0,0,0,0,0,0,0,0,0,207,207,0.00,0.00,0.00,0.00,1.00,0.00,0.00,255,255,1.00,0.00,1.00,0.00,0.00,0.00,0.00,0.00,smurf.,null
0,icmp,ecr_i,SF,1032,0,0,0,0,0,0,0,0,0,0,0,0,0,0,0,0,0,215,215,0.00,0.00,0.00,0.00,1.00,0.00,0.00,255,255,1.00,0.00,1.00,0.00,0.00,0.00,0.00,0.00,smurf.,null
0,icmp,ecr_i,SF,1032,0,0,0,0,0,0,0,0,0,0,0,0,0,0,0,0,0,219,219,0.00,0.00,0.00,0.00,1.00,0.00,0.00,255,255,1.00,0.00,1.00,0.00,0.00,0.00,0.00,0.00,smurf.,null
0,icmp,ecr_i,SF,1032,0,0,0,0,0,0,0,0,0,0,0,0,0,0,0,0,0,228,228,0.00,0.00,0.00,0.00,1.00,0.00,0.00,255,255,1.00,0.00,1.00,0.00,0.00,0.00,0.00,0.00,smurf.,null
0,icmp,ecr_i,SF,1032,0,0,0,0,0,0,0,0,0,0,0,0,0,0,0,0,0,230,230,0.00,0.00,0.00,0.00,1.00,0.00,0.00,255,255,1.00,0.00,1.00,0.00,0.00,0.00,0.00,0.00,smurf.,null
0,icmp,ecr_i,SF,1032,0,0,0,0,0,0,0,0,0,0,0,0,0,0,0,0,0,231,231,0.00,0.00,0.00,0.00,1.00,0.00,0.00,255,255,1.00,0.00,1.00,0.00,0.00,0.00,0.00,0.00,smurf.,null
0,icmp,ecr_i,SF,1032,0,0,0,0,0,0,0,0,0,0,0,0,0,0,0,0,0,232,232,0.00,0.00,0.00,0.00,1.00,0.00,0.00,255,255,1.00,0.00,1.00,0.00,0.00,0.00,0.00,0.00,smurf.,null
0,icmp,ecr_i,SF,1032,0,0,0,0,0,0,0,0,0,0,0,0,0,0,0,0,0,236,236,0.00,0.00,0.00,0.00,1.00,0.00,0.00,255,255,1.00,0.00,1.00,0.00,0.00,0.00,0.00,0.00,smurf.,null
0,icmp,ecr_i,SF,1032,0,0,0,0,0,0,0,0,0,0,0,0,0,0,0,0,0,244,244,0.00,0.00,0.00,0.00,1.00,0.00,0.00,255,255,1.00,0.00,1.00,0.00,0.00,0.00,0.00,0.00,smurf.,null
0,icmp,ecr_i,SF,1032,0,0,0,0,0,0,0,0,0,0,0,0,0,0,0,0,0,271,271,0.00,0.00,0.00,0.00,1.00,0.00,0.00,255,255,1.00,0.00,1.00,0.00,0.00,0.00,0.00,0.00,smurf.,null
0,icmp,ecr_i,SF,1032,0,0,0,0,0,0,0,0,0,0,0,0,0,0,0,0,0,301,301,0.00,0.00,0.00,0.00,1.00,0.00,0.00,255,255,1.00,0.00,1.00,0.00,0.00,0.00,0.00,0.00,smurf.,null
0,icmp,ecr_i,SF,1032,0,0,0,0,0,0,0,0,0,0,0,0,0,0,0,0,0,317,317,0.00,0.00,0.00,0.00,1.00,0.00,0.00,255,255,1.00,0.00,1.00,0.00,0.00,0.00,0.00,0.00,smurf.,null
0,icmp,ecr_i,SF,1032,0,0,0,0,0,0,0,0,0,0,0,0,0,0,0,0,0,324,324,0.00,0.00,0.00,0.00,1.00,0.00,0.00,255,255,1.00,0.00,1.00,0.00,0.00,0.00,0.00,0.00,smurf.,null
0,icmp,ecr_i,SF,1032,0,0,0,0,0,0,0,0,0,0,0,0,0,0,0,0,0,334,334,0.00,0.00,0.00,0.00,1.00,0.00,0.00,255,255,1.00,0.00,1.00,0.00,0.00,0.00,0.00,0.00,smurf.,null
0,icmp,ecr_i,SF,1032,0,0,0,0,0,0,0,0,0,0,0,0,0,0,0,0,0,360,360,0.00,0.00,0.00,0.00,1.00,0.00,0.00,255,255,1.00,0.00,1.00,0.00,0.00,0.00,0.00,0.00,smurf.,null
0,icmp,ecr_i,SF,1032,0,0,0,0,0,0,0,0,0,0,0,0,0,0,0,0,0,366,366,0.00,0.00,0.00,0.00,1.00,0.00,0.00,255,255,1.00,0.00,1.00,0.00,0.00,0.00,0.00,0.00,smurf.,null
0,icmp,ecr_i,SF,1032,0,0,0,0,0,0,0,0,0,0,0,0,0,0,0,0,0,375,375,0.00,0.00,0.00,0.00,1.00,0.00,0.00,255,255,1.00,0.00,1.00,0.00,0.00,0.00,0.00,0.00,smurf.,null
0,icmp,ecr_i,SF,1032,0,0,0,0,0,0,0,0,0,0,0,0,0,0,0,0,0,378,378,0.00,0.00,0.00,0.00,1.00,0.00,0.00,255,255,1.00,0.00,1.00,0.00,0.00,0.00,0.00,0.00,smurf.,null
0,icmp,ecr_i,SF,1032,0,0,0,0,0,0,0,0,0,0,0,0,0,0,0,0,0,391,391,0.00,0.00,0.00,0.00,1.00,0.00,0.00,255,255,1.00,0.00,1.00,0.00,0.00,0.00,0.00,0.00,smurf.,null
0,icmp,ecr_i,SF,1032,0,0,0,0,0,0,0,0,0,0,0,0,0,0,0,0,0,395,395,0.00,0.00,0.00,0.00,1.00,0.00,0.00,255,255,1.00,0.00,1.00,0.00,0.00,0.00,0.00,0.00,smurf.,null
0,icmp,ecr_i,SF,1032,0,0,0,0,0,0,0,0,0,0,0,0,0,0,0,0,0,508,508,0.00,0.00,0.00,0.00,1.00,0.00,0.00,255,254,1.00,0.01,1.00,0.00,0.00,0.00,0.00,0.00,smurf.,null
0,icmp,ecr_i,SF,1032,0,0,0,0,0,0,0,0,0,0,0,0,0,0,0,0,0,507,507,0.00,0.00,0.00,0.00,1.00,0.00,0.00,255,255,1.00,0.00,1.00,0.00,0.00,0.00,0.00,0.00,smurf.,null
0,icmp,ecr_i,SF,1032,0,0,0,0,0,0,0,0,0,0,0,0,0,0,0,0,0,503,503,0.00,0.00,0.00,0.00,1.00,0.00,0.00,255,255,1.00,0.00,1.00,0.00,0.00,0.00,0.00,0.00,smurf.,null
0,tcp,smtp,SF,1026,334,0,0,0,0,0,1,0,0,0,0,0,0,0,0,0,0,1,2,0.00,0.00,0.00,0.00,1.00,0.00,1.00,5,4,0.80,0.40,0.20,0.00,0.00,0.00,0.00,0.00,normal.,null
0,tcp,smtp,SF,1616,335,0,0,0,0,0,1,0,0,0,0,0,0,0,0,0,0,1,1,0.00,0.00,0.00,0.00,1.00,0.00,0.00,8,7,0.88,0.25,0.12,0.00,0.00,0.00,0.00,0.00,normal.,null
0,tcp,smtp,SF,1022,334,0,0,0,0,0,1,0,0,0,0,0,0,0,0,0,0,1,2,0.00,0.00,0.00,0.00,1.00,0.00,1.00,5,101,0.60,0.40,0.20,0.03,0.00,0.00,0.00,0.00,normal.,null
1,tcp,smtp,SF,1275,333,0,0,0,0,0,1,0,0,0,0,0,0,0,0,0,0,1,2,0.00,0.00,0.00,0.00,1.00,0.00,1.00,1,142,1.00,0.00,1.00,0.01,0.00,0.00,0.00,0.00,normal.,null
0,tcp,smtp,SF,1162,326,0,0,0,0,0,1,0,0,0,0,0,0,0,0,0,0,1,1,0.00,0.00,0.00,0.00,1.00,0.00,0.00,66,4,0.06,0.11,0.02,0.00,0.00,0.00,0.00,0.00,normal.,null
1,tcp,smtp,SF,1205,339,0,0,0,0,0,1,0,0,0,0,0,0,0,0,0,0,1,2,0.00,0.00,0.00,0.00,1.00,0.00,1.00,3,167,1.00,0.00,0.33,0.02,0.33,0.01,0.00,0.02,normal.,null
2,tcp,smtp,SF,1670,331,0,0,0,0,0,1,0,0,0,0,0,0,0,0,0,0,1,1,0.00,0.00,0.00,0.00,1.00,0.00,0.00,5,190,1.00,0.00,0.20,0.02,0.00,0.01,0.00,0.04,normal.,null
1,tcp,smtp,SF,2197,333,0,0,0,0,0,1,0,0,0,0,0,0,0,0,0,0,1,3,0.00,0.00,0.00,0.00,1.00,0.00,0.67,4,136,0.50,0.50,0.25,0.01,0.00,0.00,0.00,0.01,normal.,null
0,tcp,smtp,SF,1456,336,0,0,0,0,0,1,0,0,0,0,0,0,0,0,0,0,1,2,0.00,0.00,0.00,0.00,1.00,0.00,1.00,9,166,0.78,0.22,0.11,0.02,0.11,0.01,0.33,0.04,normal.,null
0,tcp,smtp,SF,1268,333,0,0,0,0,0,1,0,0,0,0,0,0,0,0,0,0,1,2,0.00,0.00,0.00,0.00,1.00,0.00,1.00,16,102,0.88,0.12,0.06,0.02,0.00,0.00,0.00,0.00,normal.,null
0,tcp,smtp,SF,12773,283,0,0,0,0,0,1,0,0,0,0,0,0,0,0,0,0,1,2,0.00,0.00,0.00,0.00,1.00,0.00,1.00,11,9,0.82,0.27,0.09,0.00,0.00,0.00,0.00,0.00,normal.,null
0,tcp,smtp,SF,1960,387,0,0,0,0,0,1,0,0,0,0,0,0,0,0,0,0,1,2,0.00,0.00,0.00,0.00,1.00,0.00,1.00,255,3,0.01,0.02,0.00,0.00,0.00,0.00,0.01,0.00,normal.,null
1,tcp,smtp,SF,1029,330,0,0,0,0,0,1,0,0,0,0,0,0,0,0,0,0,1,1,0.00,0.00,0.00,0.00,1.00,0.00,0.00,10,121,0.90,0.20,0.10,0.02,0.00,0.00,0.00,0.00,normal.,null
1,tcp,smtp,SF,852,280,0,0,0,0,0,1,0,0,0,0,1,0,0,0,0,0,1,2,0.00,0.00,0.00,0.00,1.00,0.00,1.00,38,160,0.42,0.05,0.03,0.01,0.00,0.00,0.05,0.03,normal.,null
0,tcp,smtp,SF,1843,400,0,0,0,0,0,1,0,0,0,0,0,0,0,0,0,0,1,3,0.00,0.00,0.00,0.00,1.00,0.00,1.00,255,4,0.02,0.02,0.00,0.00,0.00,0.00,0.01,0.00,normal.,null
0,tcp,smtp,SF,2434,330,0,0,0,0,0,1,0,0,0,0,0,0,0,0,0,0,1,3,0.00,0.00,0.00,0.00,1.00,0.00,1.00,13,71,0.85,0.23,0.08,0.03,0.00,0.00,0.08,0.08,normal.,null
899,tcp,domain,RSTO,1562,0,0,0,0,0,0,0,0,0,0,0,0,0,0,0,0,0,1,1,0.00,0.00,1.00,1.00,1.00,0.00,0.00,2,2,1.00,0.00,0.50,0.00,0.00,0.00,1.00,1.00,named.,null
1,tcp,smtp,SF,1094,334,0,0,0,0,0,1,0,0,0,0,0,0,0,0,0,0,1,3,0.00,0.00,0.00,0.00,1.00,0.00,1.00,8,39,0.88,0.25,0.12,0.05,0.00,0.00,0.00,0.00,normal.,null
0,tcp,smtp,SF,876,333,0,0,0,0,0,1,0,0,0,0,0,0,0,0,0,0,1,1,0.00,0.00,0.00,0.00,1.00,0.00,0.00,39,161,0.44,0.05,0.03,0.01,0.00,0.00,0.05,0.02,normal.,null
0,tcp,ftp_data,SF,139508,0,0,0,0,0,0,0,0,0,0,0,0,0,0,0,0,0,1,1,0.00,0.00,0.00,0.00,1.00,0.00,0.00,3,1,0.33,0.67,0.33,0.00,0.00,0.00,0.67,0.00,named.,null
0,tcp,smtp,SF,1485,330,0,0,0,0,0,1,0,0,0,0,0,0,0,0,0,0,1,1,0.00,0.00,0.00,0.00,1.00,0.00,0.00,9,40,0.89,0.22,0.11,0.05,0.00,0.00,0.00,0.00,normal.,null
0,tcp,smtp,SF,1028,329,0,0,0,0,0,1,0,0,0,0,0,0,0,0,0,0,1,1,0.00,0.00,0.00,0.00,1.00,0.00,0.00,15,13,0.87,0.20,0.07,0.00,0.00,0.00,0.00,0.00,normal.,null
3,tcp,smtp,SF,841,332,0,0,0,0,0,1,0,0,0,0,0,0,0,0,0,0,1,1,0.00,0.00,0.00,0.00,1.00,0.00,0.00,41,163,0.46,0.05,0.02,0.01,0.00,0.00,0.05,0.02,normal.,null
0,tcp,smtp,SF,2113,332,0,0,0,0,0,1,0,0,0,0,0,0,0,0,0,0,1,1,0.00,0.00,0.00,0.00,1.00,0.00,0.00,32,175,0.25,0.09,0.03,0.02,0.00,0.01,0.03,0.05,normal.,null
0,tcp,smtp,SF,4300,334,0,0,0,0,0,1,0,0,0,0,0,0,0,0,0,0,1,1,0.00,0.00,0.00,0.00,1.00,0.00,0.00,18,13,0.72,0.22,0.06,0.00,0.00,0.00,0.00,0.00,normal.,null
1,tcp,smtp,SF,3430,332,0,0,0,0,0,1,0,0,0,0,0,0,0,0,0,0,1,2,0.00,0.00,0.00,0.00,1.00,0.00,1.00,20,132,0.60,0.15,0.05,0.02,0.00,0.00,0.15,0.02,normal.,null
0,tcp,smtp,SF,908,333,0,0,0,0,0,1,0,0,0,0,0,0,0,0,0,0,1,3,0.00,0.00,0.00,0.00,1.00,0.00,1.00,21,15,0.71,0.19,0.05,0.00,0.00,0.00,0.00,0.00,normal.,null
0,tcp,smtp,SF,1176,330,0,0,0,0,0,1,0,0,0,0,0,0,0,0,0,0,1,1,0.00,0.00,0.00,0.00,1.00,0.00,0.00,14,42,0.79,0.29,0.07,0.05,0.00,0.00,0.00,0.00,normal.,null
0,tcp,smtp,SF,1288,333,0,0,0,0,0,1,0,0,0,0,0,0,0,0,0,0,1,1,0.00,0.00,0.00,0.00,1.00,0.00,0.00,21,14,0.67,0.19,0.05,0.00,0.00,0.00,0.00,0.00,normal.,null
0,tcp,smtp,SF,1481,329,0,0,0,0,0,1,0,0,0,0,0,0,0,0,0,0,1,1,0.00,0.00,0.00,0.00,1.00,0.00,0.00,18,163,0.94,0.11,0.06,0.01,0.00,0.00,0.00,0.00,normal.,null
1,tcp,smtp,SF,1035,336,0,0,0,0,0,1,0,0,0,0,0,0,0,0,0,0,1,1,0.00,0.00,0.00,0.00,1.00,0.00,0.00,18,45,0.78,0.22,0.06,0.04,0.00,0.00,0.00,0.00,normal.,null
0,tcp,smtp,SF,6095,332,0,0,0,0,0,1,0,0,0,0,0,0,0,0,0,0,1,6,0.00,0.00,0.00,0.00,1.00,0.00,0.83,118,21,0.18,0.07,0.01,0.00,0.00,0.00,0.01,0.05,normal.,null
3,tcp,smtp,SF,885,325,0,0,0,0,0,1,0,0,0,0,0,0,0,0,0,0,1,6,0.00,0.00,0.00,0.00,1.00,0.00,1.00,27,76,0.59,0.15,0.04,0.03,0.00,0.00,0.07,0.09,normal.,null
4,tcp,smtp,SF,1139,481,0,0,0,0,0,1,0,0,0,0,0,0,0,0,0,0,1,3,0.00,0.00,0.00,0.00,1.00,0.00,1.00,255,11,0.04,0.02,0.00,0.00,0.00,0.00,0.00,0.00,normal.,null
5,tcp,smtp,SF,812,329,0,0,0,0,0,1,0,0,0,0,0,0,0,0,0,0,1,2,0.00,0.00,0.00,0.00,1.00,0.00,1.00,36,175,0.33,0.08,0.03,0.02,0.00,0.01,0.06,0.05,normal.,null
0,tcp,smtp,SF,1816,340,0,0,0,0,0,1,0,0,0,0,0,0,0,0,0,0,1,1,0.00,0.00,0.00,0.00,1.00,0.00,0.00,23,171,0.87,0.13,0.04,0.02,0.04,0.01,0.22,0.05,normal.,null
1,tcp,smtp,SF,755,332,0,0,0,0,0,1,0,0,0,0,0,0,0,0,0,0,1,2,0.00,0.00,0.00,0.00,1.00,0.00,1.00,24,171,0.88,0.12,0.04,0.02,0.04,0.01,0.21,0.05,normal.,null
0,tcp,smtp,SF,1092,328,0,0,0,0,0,1,0,0,0,0,0,0,0,0,0,0,1,2,0.00,0.00,0.00,0.00,1.00,0.00,1.00,31,80,0.65,0.13,0.03,0.03,0.00,0.00,0.06,0.09,normal.,null
0,tcp,smtp,SF,1419,338,0,0,0,0,0,1,0,0,0,0,0,0,0,0,0,0,1,1,0.00,0.00,0.00,0.00,1.00,0.00,0.00,26,157,0.81,0.12,0.04,0.01,0.00,0.00,0.00,0.00,normal.,null
1,tcp,smtp,SF,703,326,0,0,0,0,0,1,0,0,0,0,0,0,0,0,0,0,1,2,0.00,0.00,0.00,0.00,1.00,0.00,1.00,59,86,0.27,0.29,0.02,0.02,0.02,0.00,0.00,0.00,normal.,null
1,tcp,smtp,SF,854,334,0,0,0,0,0,1,0,0,0,0,0,0,0,0,0,0,1,1,0.00,0.00,0.00,0.00,1.00,0.00,0.00,34,82,0.65,0.12,0.03,0.02,0.00,0.00,0.06,0.09,normal.,null
0,tcp,smtp,SF,1266,339,0,0,0,0,0,1,0,0,0,0,0,0,0,0,0,0,1,3,0.00,0.00,0.00,0.00,1.00,0.00,1.00,25,170,0.96,0.08,0.04,0.01,0.00,0.00,0.00,0.00,normal.,null
0,tcp,smtp,SF,773,334,0,0,0,0,0,1,0,0,0,0,0,0,0,0,0,0,2,1,0.00,0.00,0.00,0.00,0.50,1.00,0.00,43,84,0.56,0.09,0.02,0.02,0.00,0.00,0.05,0.08,normal.,null
0,tcp,ftp_data,SF,4746,0,0,0,0,0,0,0,0,0,0,0,0,0,0,0,0,0,8,8,0.00,0.00,0.00,0.00,1.00,0.00,0.00,255,9,0.04,0.02,0.04,0.00,0.00,0.00,0.00,0.00,normal.,null
1,tcp,ftp_data,SF,11629,0,0,0,0,0,0,0,0,0,0,0,0,0,0,0,0,0,2,2,0.00,0.00,0.00,0.00,1.00,0.00,0.00,255,12,0.05,0.02,0.05,0.00,0.00,0.00,0.00,0.00,normal.,null
0,tcp,smtp,SF,934,386,0,0,0,0,0,1,0,0,0,0,0,0,0,0,0,0,1,4,0.00,0.00,0.00,0.00,1.00,0.00,1.00,255,11,0.04,0.03,0.00,0.00,0.00,0.00,0.02,0.00,normal.,null
0,tcp,smtp,SF,2477,327,0,0,0,0,0,1,0,0,0,0,0,0,0,0,0,0,1,1,0.00,0.00,0.00,0.00,1.00,0.00,0.00,54,176,0.59,0.04,0.02,0.01,0.00,0.00,0.04,0.02,normal.,null
0,icmp,ecr_i,SF,1032,0,0,0,0,0,0,0,0,0,0,0,0,0,0,0,0,0,509,509,0.00,0.00,0.00,0.00,1.00,0.00,0.00,255,35,0.14,0.02,0.14,0.00,0.00,0.00,0.00,0.00,smurf.,null
0,icmp,ecr_i,SF,1032,0,0,0,0,0,0,0,0,0,0,0,0,0,0,0,0,0,510,510,0.00,0.00,0.00,0.00,1.00,0.00,0.00,255,21,0.08,0.02,0.09,0.00,0.00,0.00,0.00,0.00,smurf.,null
0,icmp,ecr_i,SF,1032,0,0,0,0,0,0,0,0,0,0,0,0,0,0,0,0,0,511,511,0.00,0.00,0.00,0.00,1.00,0.00,0.00,255,16,0.06,0.02,0.07,0.00,0.00,0.00,0.00,0.00,smurf.,null
0,icmp,ecr_i,SF,1032,0,0,0,0,0,0,0,0,0,0,0,0,0,0,0,0,0,508,508,0.00,0.00,0.00,0.00,1.00,0.00,0.00,255,39,0.15,0.02,0.16,0.00,0.00,0.00,0.00,0.00,smurf.,null
0,icmp,ecr_i,SF,1032,0,0,0,0,0,0,0,0,0,0,0,0,0,0,0,0,0,510,510,0.00,0.00,0.00,0.00,1.00,0.00,0.00,255,50,0.20,0.02,0.20,0.00,0.00,0.00,0.00,0.00,smurf.,null
0,icmp,ecr_i,SF,1032,0,0,0,0,0,0,0,0,0,0,0,0,0,0,0,0,0,510,510,0.00,0.00,0.00,0.00,1.00,0.00,0.00,255,73,0.29,0.02,0.29,0.00,0.00,0.00,0.00,0.00,smurf.,null
0,icmp,ecr_i,SF,1032,0,0,0,0,0,0,0,0,0,0,0,0,0,0,0,0,0,511,511,0.00,0.00,0.00,0.00,1.00,0.00,0.00,255,59,0.23,0.02,0.24,0.00,0.00,0.00,0.00,0.00,smurf.,null
0,icmp,ecr_i,SF,1032,0,0,0,0,0,0,0,0,0,0,0,0,0,0,0,0,0,508,508,0.00,0.00,0.00,0.00,1.00,0.00,0.00,255,111,0.44,0.02,0.44,0.00,0.00,0.00,0.00,0.00,smurf.,null
0,icmp,ecr_i,SF,1032,0,0,0,0,0,0,0,0,0,0,0,0,0,0,0,0,0,510,510,0.00,0.00,0.00,0.00,1.00,0.00,0.00,255,77,0.30,0.02,0.31,0.00,0.00,0.00,0.00,0.00,smurf.,null
0,icmp,ecr_i,SF,1032,0,0,0,0,0,0,0,0,0,0,0,0,0,0,0,0,0,510,510,0.00,0.00,0.00,0.00,1.00,0.00,0.00,255,97,0.38,0.02,0.38,0.00,0.00,0.00,0.00,0.00,smurf.,null
0,icmp,ecr_i,SF,1032,0,0,0,0,0,0,0,0,0,0,0,0,0,0,0,0,0,511,511,0.00,0.00,0.00,0.00,1.00,0.00,0.00,255,84,0.33,0.02,0.33,0.00,0.00,0.00,0.00,0.00,smurf.,null
0,icmp,ecr_i,SF,1032,0,0,0,0,0,0,0,0,0,0,0,0,0,0,0,0,0,509,510,0.00,0.00,0.00,0.00,1.00,0.00,0.00,255,131,0.51,0.02,0.52,0.00,0.00,0.00,0.00,0.00,smurf.,null
0,icmp,ecr_i,SF,1032,0,0,0,0,0,0,0,0,0,0,0,0,0,0,0,0,0,510,510,0.00,0.00,0.00,0.00,1.00,0.00,0.00,255,142,0.56,0.02,0.56,0.00,0.00,0.00,0.00,0.00,smurf.,null
0,icmp,ecr_i,SF,1032,0,0,0,0,0,0,0,0,0,0,0,0,0,0,0,0,0,511,511,0.00,0.00,0.00,0.00,1.00,0.00,0.00,255,125,0.49,0.02,0.49,0.00,0.00,0.00,0.00,0.00,smurf.,null
0,icmp,ecr_i,SF,1032,0,0,0,0,0,0,0,0,0,0,0,0,0,0,0,0,0,511,511,0.00,0.00,0.00,0.00,1.00,0.00,0.00,255,143,0.56,0.02,0.56,0.00,0.00,0.00,0.00,0.00,smurf.,null
0,icmp,ecr_i,SF,1032,0,0,0,0,0,0,0,0,0,0,0,0,0,0,0,0,0,510,510,0.00,0.00,0.00,0.00,1.00,0.00,0.00,255,157,0.62,0.02,0.62,0.00,0.00,0.00,0.00,0.00,smurf.,null
0,icmp,ecr_i,SF,1032,0,0,0,0,0,0,0,0,0,0,0,0,0,0,0,0,0,510,510,0.00,0.00,0.00,0.00,1.00,0.00,0.00,255,181,0.71,0.02,0.71,0.00,0.00,0.00,0.00,0.00,smurf.,null
0,icmp,ecr_i,SF,1032,0,0,0,0,0,0,0,0,0,0,0,0,0,0,0,0,0,511,511,0.00,0.00,0.00,0.00,1.00,0.00,0.00,255,169,0.66,0.02,0.67,0.00,0.00,0.00,0.00,0.00,smurf.,null
0,icmp,ecr_i,SF,1032,0,0,0,0,0,0,0,0,0,0,0,0,0,0,0,0,0,510,510,0.00,0.00,0.00,0.00,1.00,0.00,0.00,255,189,0.74,0.02,0.75,0.00,0.00,0.00,0.00,0.00,smurf.,null
0,icmp,ecr_i,SF,1032,0,0,0,0,0,0,0,0,0,0,0,0,0,0,0,0,0,511,511,0.00,0.00,0.00,0.00,1.00,0.00,0.00,255,183,0.72,0.02,0.72,0.00,0.00,0.00,0.00,0.00,smurf.,null
0,icmp,ecr_i,SF,1032,0,0,0,0,0,0,0,0,0,0,0,0,0,0,0,0,0,511,511,0.00,0.00,0.00,0.00,1.00,0.00,0.00,255,201,0.79,0.02,0.79,0.00,0.00,0.00,0.00,0.00,smurf.,null
0,icmp,ecr_i,SF,1032,0,0,0,0,0,0,0,0,0,0,0,0,0,0,0,0,0,6,6,0.00,0.00,0.00,0.00,1.00,0.00,0.00,255,182,0.71,0.02,0.72,0.00,0.00,0.00,0.00,0.00,smurf.,null
0,icmp,ecr_i,SF,1032,0,0,0,0,0,0,0,0,0,0,0,0,0,0,0,0,0,510,510,0.00,0.00,0.00,0.00,1.00,0.00,0.00,255,240,0.94,0.01,0.94,0.00,0.00,0.00,0.00,0.00,smurf.,null
0,icmp,ecr_i,SF,1032,0,0,0,0,0,0,0,0,0,0,0,0,0,0,0,0,0,511,511,0.00,0.00,0.00,0.00,1.00,0.00,0.00,255,227,0.89,0.02,0.89,0.00,0.00,0.00,0.00,0.00,smurf.,null
0,icmp,ecr_i,SF,1032,0,0,0,0,0,0,0,0,0,0,0,0,0,0,0,0,0,511,511,0.00,0.00,0.00,0.00,1.00,0.00,0.00,255,243,0.95,0.01,0.95,0.00,0.00,0.00,0.00,0.00,smurf.,null
0,icmp,ecr_i,SF,1032,0,0,0,0,0,0,0,0,0,0,0,0,0,0,0,0,0,10,10,0.00,0.00,0.00,0.00,1.00,0.00,0.00,255,255,1.00,0.00,1.00,0.00,0.00,0.00,0.00,0.00,smurf.,null
0,icmp,ecr_i,SF,1032,0,0,0,0,0,0,0,0,0,0,0,0,0,0,0,0,0,18,18,0.00,0.00,0.00,0.00,1.00,0.00,0.00,255,255,1.00,0.00,1.00,0.00,0.00,0.00,0.00,0.00,smurf.,null
0,icmp,ecr_i,SF,1032,0,0,0,0,0,0,0,0,0,0,0,0,0,0,0,0,0,25,25,0.00,0.00,0.00,0.00,1.00,0.00,0.00,255,255,1.00,0.00,1.00,0.00,0.00,0.00,0.00,0.00,smurf.,null
0,icmp,ecr_i,SF,1032,0,0,0,0,0,0,0,0,0,0,0,0,0,0,0,0,0,33,33,0.00,0.00,0.00,0.00,1.00,0.00,0.00,255,255,1.00,0.00,1.00,0.00,0.00,0.00,0.00,0.00,smurf.,null
0,icmp,ecr_i,SF,1032,0,0,0,0,0,0,0,0,0,0,0,0,0,0,0,0,0,36,36,0.00,0.00,0.00,0.00,1.00,0.00,0.00,255,255,1.00,0.00,1.00,0.00,0.00,0.00,0.00,0.00,smurf.,null
0,icmp,ecr_i,SF,1032,0,0,0,0,0,0,0,0,0,0,0,0,0,0,0,0,0,509,510,0.00,0.00,0.00,0.00,1.00,0.00,0.00,255,255,1.00,0.00,1.00,0.00,0.00,0.00,0.00,0.00,smurf.,null
0,icmp,ecr_i,SF,1032,0,0,0,0,0,0,0,0,0,0,0,0,0,0,0,0,0,65,65,0.00,0.00,0.00,0.00,1.00,0.00,0.00,255,255,1.00,0.00,1.00,0.00,0.00,0.00,0.00,0.00,smurf.,null
0,icmp,ecr_i,SF,1032,0,0,0,0,0,0,0,0,0,0,0,0,0,0,0,0,0,507,508,0.00,0.00,0.00,0.00,1.00,0.00,0.00,255,255,1.00,0.00,1.00,0.00,0.00,0.00,0.00,0.00,smurf.,null
0,icmp,ecr_i,SF,1032,0,0,0,0,0,0,0,0,0,0,0,0,0,0,0,0,0,83,83,0.00,0.00,0.00,0.00,1.00,0.00,0.00,255,255,1.00,0.00,1.00,0.00,0.00,0.00,0.00,0.00,smurf.,null
0,icmp,ecr_i,SF,1032,0,0,0,0,0,0,0,0,0,0,0,0,0,0,0,0,0,128,128,0.00,0.00,0.00,0.00,1.00,0.00,0.00,255,255,1.00,0.00,1.00,0.00,0.00,0.00,0.00,0.00,smurf.,null
0,icmp,ecr_i,SF,1032,0,0,0,0,0,0,0,0,0,0,0,0,0,0,0,0,0,139,139,0.00,0.00,0.00,0.00,1.00,0.00,0.00,255,255,1.00,0.00,1.00,0.00,0.00,0.00,0.00,0.00,smurf.,null
0,icmp,ecr_i,SF,1032,0,0,0,0,0,0,0,0,0,0,0,0,0,0,0,0,0,144,144,0.00,0.00,0.00,0.00,1.00,0.00,0.00,255,255,1.00,0.00,1.00,0.00,0.00,0.00,0.00,0.00,smurf.,null
0,icmp,ecr_i,SF,1032,0,0,0,0,0,0,0,0,0,0,0,0,0,0,0,0,0,183,183,0.00,0.00,0.00,0.00,1.00,0.00,0.00,255,255,1.00,0.00,1.00,0.00,0.00,0.00,0.00,0.00,smurf.,null
0,icmp,ecr_i,SF,1032,0,0,0,0,0,0,0,0,0,0,0,0,0,0,0,0,0,210,210,0.00,0.00,0.00,0.00,1.00,0.00,0.00,255,255,1.00,0.00,1.00,0.00,0.00,0.00,0.00,0.00,smurf.,null
0,icmp,ecr_i,SF,1032,0,0,0,0,0,0,0,0,0,0,0,0,0,0,0,0,0,229,229,0.00,0.00,0.00,0.00,1.00,0.00,0.00,255,255,1.00,0.00,1.00,0.00,0.00,0.00,0.00,0.00,smurf.,null
0,icmp,ecr_i,SF,1032,0,0,0,0,0,0,0,0,0,0,0,0,0,0,0,0,0,233,233,0.00,0.00,0.00,0.00,1.00,0.00,0.00,255,255,1.00,0.00,1.00,0.00,0.00,0.00,0.00,0.00,smurf.,null
0,icmp,ecr_i,SF,1032,0,0,0,0,0,0,0,0,0,0,0,0,0,0,0,0,0,240,240,0.00,0.00,0.00,0.00,1.00,0.00,0.00,255,255,1.00,0.00,1.00,0.00,0.00,0.00,0.00,0.00,smurf.,null
0,icmp,ecr_i,SF,1032,0,0,0,0,0,0,0,0,0,0,0,0,0,0,0,0,0,247,247,0.00,0.00,0.00,0.00,1.00,0.00,0.00,255,255,1.00,0.00,1.00,0.00,0.00,0.00,0.00,0.00,smurf.,null
0,icmp,ecr_i,SF,1032,0,0,0,0,0,0,0,0,0,0,0,0,0,0,0,0,0,255,255,0.00,0.00,0.00,0.00,1.00,0.00,0.00,255,255,1.00,0.00,1.00,0.00,0.00,0.00,0.00,0.00,smurf.,null
0,icmp,ecr_i,SF,1032,0,0,0,0,0,0,0,0,0,0,0,0,0,0,0,0,0,260,260,0.00,0.00,0.00,0.00,1.00,0.00,0.00,255,255,1.00,0.00,1.00,0.00,0.00,0.00,0.00,0.00,smurf.,null
0,icmp,ecr_i,SF,1032,0,0,0,0,0,0,0,0,0,0,0,0,0,0,0,0,0,275,275,0.00,0.00,0.00,0.00,1.00,0.00,0.00,255,255,1.00,0.00,1.00,0.00,0.00,0.00,0.00,0.00,smurf.,null
0,icmp,ecr_i,SF,1032,0,0,0,0,0,0,0,0,0,0,0,0,0,0,0,0,0,284,284,0.00,0.00,0.00,0.00,1.00,0.00,0.00,255,255,1.00,0.00,1.00,0.00,0.00,0.00,0.00,0.00,smurf.,null
0,icmp,ecr_i,SF,1032,0,0,0,0,0,0,0,0,0,0,0,0,0,0,0,0,0,290,290,0.00,0.00,0.00,0.00,1.00,0.00,0.00,255,255,1.00,0.00,1.00,0.00,0.00,0.00,0.00,0.00,smurf.,null
0,icmp,ecr_i,SF,1032,0,0,0,0,0,0,0,0,0,0,0,0,0,0,0,0,0,297,297,0.00,0.00,0.00,0.00,1.00,0.00,0.00,255,255,1.00,0.00,1.00,0.00,0.00,0.00,0.00,0.00,smurf.,null
0,icmp,ecr_i,SF,1032,0,0,0,0,0,0,0,0,0,0,0,0,0,0,0,0,0,308,308,0.00,0.00,0.00,0.00,1.00,0.00,0.00,255,255,1.00,0.00,1.00,0.00,0.00,0.00,0.00,0.00,smurf.,null
0,icmp,ecr_i,SF,1032,0,0,0,0,0,0,0,0,0,0,0,0,0,0,0,0,0,315,315,0.00,0.00,0.00,0.00,1.00,0.00,0.00,255,255,1.00,0.00,1.00,0.00,0.00,0.00,0.00,0.00,smurf.,null
0,icmp,ecr_i,SF,1032,0,0,0,0,0,0,0,0,0,0,0,0,0,0,0,0,0,318,318,0.00,0.00,0.00,0.00,1.00,0.00,0.00,255,255,1.00,0.00,1.00,0.00,0.00,0.00,0.00,0.00,smurf.,null
0,icmp,ecr_i,SF,1032,0,0,0,0,0,0,0,0,0,0,0,0,0,0,0,0,0,320,320,0.00,0.00,0.00,0.00,1.00,0.00,0.00,255,255,1.00,0.00,1.00,0.00,0.00,0.00,0.00,0.00,smurf.,null
0,icmp,ecr_i,SF,1032,0,0,0,0,0,0,0,0,0,0,0,0,0,0,0,0,0,326,326,0.00,0.00,0.00,0.00,1.00,0.00,0.00,255,255,1.00,0.00,1.00,0.00,0.00,0.00,0.00,0.00,smurf.,null
0,icmp,ecr_i,SF,1032,0,0,0,0,0,0,0,0,0,0,0,0,0,0,0,0,0,352,352,0.00,0.00,0.00,0.00,1.00,0.00,0.00,255,255,1.00,0.00,1.00,0.00,0.00,0.00,0.00,0.00,smurf.,null
0,icmp,ecr_i,SF,1032,0,0,0,0,0,0,0,0,0,0,0,0,0,0,0,0,0,354,354,0.00,0.00,0.00,0.00,1.00,0.00,0.00,255,255,1.00,0.00,1.00,0.00,0.00,0.00,0.00,0.00,smurf.,null
0,icmp,ecr_i,SF,1032,0,0,0,0,0,0,0,0,0,0,0,0,0,0,0,0,0,361,361,0.00,0.00,0.00,0.00,1.00,0.00,0.00,255,255,1.00,0.00,1.00,0.00,0.00,0.00,0.00,0.00,smurf.,null
0,icmp,ecr_i,SF,1032,0,0,0,0,0,0,0,0,0,0,0,0,0,0,0,0,0,379,379,0.00,0.00,0.00,0.00,1.00,0.00,0.00,255,255,1.00,0.00,1.00,0.00,0.00,0.00,0.00,0.00,smurf.,null
0,icmp,ecr_i,SF,1032,0,0,0,0,0,0,0,0,0,0,0,0,0,0,0,0,0,393,393,0.00,0.00,0.00,0.00,1.00,0.00,0.00,255,255,1.00,0.00,1.00,0.00,0.00,0.00,0.00,0.00,smurf.,null
0,icmp,ecr_i,SF,1032,0,0,0,0,0,0,0,0,0,0,0,0,0,0,0,0,0,418,418,0.00,0.00,0.00,0.00,1.00,0.00,0.00,255,255,1.00,0.00,1.00,0.00,0.00,0.00,0.00,0.00,smurf.,null
0,icmp,ecr_i,SF,1032,0,0,0,0,0,0,0,0,0,0,0,0,0,0,0,0,0,425,425,0.00,0.00,0.00,0.00,1.00,0.00,0.00,255,255,1.00,0.00,1.00,0.00,0.00,0.00,0.00,0.00,smurf.,null
0,icmp,ecr_i,SF,1032,0,0,0,0,0,0,0,0,0,0,0,0,0,0,0,0,0,459,459,0.00,0.00,0.00,0.00,1.00,0.00,0.00,255,255,1.00,0.00,1.00,0.00,0.00,0.00,0.00,0.00,smurf.,null
0,icmp,ecr_i,SF,1032,0,0,0,0,0,0,0,0,0,0,0,0,0,0,0,0,0,464,464,0.00,0.00,0.00,0.00,1.00,0.00,0.00,255,255,1.00,0.00,1.00,0.00,0.00,0.00,0.00,0.00,smurf.,null
0,icmp,ecr_i,SF,1032,0,0,0,0,0,0,0,0,0,0,0,0,0,0,0,0,0,477,477,0.00,0.00,0.00,0.00,1.00,0.00,0.00,255,255,1.00,0.00,1.00,0.00,0.00,0.00,0.00,0.00,smurf.,null
0,icmp,ecr_i,SF,1032,0,0,0,0,0,0,0,0,0,0,0,0,0,0,0,0,0,480,480,0.00,0.00,0.00,0.00,1.00,0.00,0.00,255,255,1.00,0.00,1.00,0.00,0.00,0.00,0.00,0.00,smurf.,null
0,icmp,ecr_i,SF,1032,0,0,0,0,0,0,0,0,0,0,0,0,0,0,0,0,0,489,489,0.00,0.00,0.00,0.00,1.00,0.00,0.00,255,255,1.00,0.00,1.00,0.00,0.00,0.00,0.00,0.00,smurf.,null
0,icmp,ecr_i,SF,1032,0,0,0,0,0,0,0,0,0,0,0,0,0,0,0,0,0,498,498,0.00,0.00,0.00,0.00,1.00,0.00,0.00,255,255,1.00,0.00,1.00,0.00,0.00,0.00,0.00,0.00,smurf.,null
3,tcp,smtp,SF,1315,335,0,0,0,0,0,1,0,0,0,0,0,0,0,0,0,0,1,1,0.00,0.00,0.00,0.00,1.00,0.00,0.00,30,21,0.70,0.13,0.03,0.00,0.00,0.00,0.00,0.00,normal.,null
0,icmp,ecr_i,SF,1032,0,0,0,0,0,0,0,0,0,0,0,0,0,0,0,0,0,511,511,0.00,0.00,0.00,0.00,1.00,0.00,0.00,255,255,1.00,0.00,1.00,0.00,0.00,0.00,0.00,0.00,ipsweep.,null
0,tcp,smtp,SF,995,330,0,0,0,0,0,1,0,0,0,0,0,0,0,0,0,0,1,1,0.00,0.00,0.00,0.00,1.00,0.00,0.00,52,91,0.60,0.08,0.02,0.02,0.00,0.00,0.06,0.09,normal.,null
1,tcp,smtp,SF,1312,318,0,0,0,0,0,1,0,0,0,0,0,0,0,0,0,0,1,2,0.00,0.00,0.00,0.00,1.00,0.00,1.00,48,28,0.58,0.08,0.02,0.00,0.00,0.00,0.04,0.07,normal.,null
1,tcp,smtp,SF,777,338,0,0,0,0,0,1,0,0,0,0,0,0,0,0,0,0,1,3,0.00,0.00,0.00,0.00,1.00,0.00,1.00,25,152,0.76,0.16,0.04,0.01,0.00,0.00,0.00,0.00,normal.,null
0,tcp,ftp_data,SF,16225,0,0,0,0,0,0,0,0,0,0,0,0,0,0,0,0,0,1,1,0.00,0.00,0.00,0.00,1.00,0.00,0.00,255,1,0.00,0.01,0.00,0.00,0.00,0.00,0.00,0.00,multihop.,null
2,tcp,smtp,SF,4485,1125,0,0,0,0,0,1,0,0,0,1,0,0,1,0,0,0,1,1,0.00,0.00,0.00,0.00,1.00,0.00,0.00,255,1,0.00,0.01,0.00,0.00,0.00,0.00,0.00,0.00,sendmail.,null
2,tcp,smtp,SF,861,333,0,0,0,0,0,1,0,0,0,0,0,0,0,0,0,0,1,2,0.00,0.00,0.00,0.00,1.00,0.00,1.00,48,131,0.62,0.08,0.02,0.02,0.00,0.00,0.08,0.03,normal.,null
1,tcp,smtp,SF,1438,330,0,0,0,0,0,1,0,0,0,0,0,0,0,0,0,0,1,2,0.00,0.00,0.00,0.00,1.00,0.00,1.00,36,156,0.83,0.11,0.03,0.01,0.00,0.00,0.00,0.00,normal.,null
0,tcp,smtp,SF,1073,328,0,0,0,0,0,1,0,0,0,0,0,0,0,0,0,0,1,2,0.00,0.00,0.00,0.00,1.00,0.00,1.00,52,174,0.50,0.10,0.02,0.02,0.00,0.01,0.06,0.06,normal.,null
0,tcp,smtp,SF,2680,327,0,0,0,0,0,1,0,0,0,0,0,0,0,0,0,0,1,2,0.00,0.00,0.00,0.00,1.00,0.00,1.00,34,25,0.74,0.12,0.03,0.00,0.00,0.00,0.00,0.00,normal.,null
1,tcp,smtp,SF,1367,328,0,0,0,0,0,1,0,0,0,0,0,0,0,0,0,0,1,5,0.00,0.00,0.00,0.00,1.00,0.00,1.00,51,132,0.65,0.08,0.02,0.02,0.00,0.00,0.08,0.03,normal.,null
0,tcp,smtp,SF,7378,336,0,0,0,0,0,1,0,0,0,0,0,0,0,0,0,0,1,1,0.00,0.00,0.00,0.00,1.00,0.00,0.00,57,35,0.61,0.07,0.02,0.00,0.00,0.00,0.04,0.06,normal.,null
0,tcp,smtp,SF,776,378,0,0,0,0,0,1,0,0,0,0,0,0,0,0,0,0,1,2,0.00,0.00,0.00,0.00,1.00,0.00,1.00,59,161,0.64,0.07,0.02,0.01,0.00,0.00,0.00,0.00,normal.,null
1,tcp,smtp,SF,942,338,0,0,0,0,0,1,0,0,0,0,0,0,0,0,0,0,1,2,0.00,0.00,0.00,0.00,1.00,0.00,1.00,44,168,0.80,0.09,0.02,0.01,0.02,0.01,0.16,0.07,normal.,null
0,tcp,ftp_data,SF,1376,0,0,0,0,0,0,0,0,0,0,0,0,0,0,0,0,0,4,5,0.00,0.00,0.00,0.00,1.00,0.00,0.40,53,20,0.19,0.11,0.19,0.10,0.00,0.00,0.00,0.00,normal.,null
0,tcp,ftp_data,SF,10261,0,0,0,0,0,0,0,0,0,0,0,0,0,0,0,0,0,6,24,0.00,0.00,0.00,0.00,1.00,0.00,0.08,67,21,0.31,0.07,0.31,0.00,0.00,0.00,0.00,0.00,normal.,null
1,tcp,smtp,SF,1216,370,0,0,0,0,0,1,0,0,0,0,0,0,0,0,0,0,1,3,0.00,0.00,0.00,0.00,1.00,0.00,1.00,75,40,0.53,0.07,0.01,0.00,0.00,0.00,0.00,0.00,normal.,null
0,tcp,smtp,SF,925,333,0,0,0,0,0,1,0,0,0,0,0,0,0,0,0,0,1,1,0.00,0.00,0.00,0.00,1.00,0.00,0.00,46,67,0.78,0.09,0.02,0.03,0.00,0.00,0.00,0.00,normal.,null
0,tcp,smtp,SF,1137,334,0,0,0,0,0,1,0,0,0,0,0,0,0,0,0,0,1,1,0.00,0.00,0.00,0.00,1.00,0.00,0.00,69,169,0.46,0.07,0.01,0.02,0.00,0.01,0.04,0.06,normal.,null
0,tcp,ftp_data,SF,740,0,0,0,0,0,0,0,0,0,0,0,0,0,0,0,0,0,2,2,0.00,0.00,0.00,0.00,1.00,0.00,0.00,54,15,0.13,0.07,0.13,0.13,0.02,0.00,0.00,0.00,normal.,null
0,tcp,smtp,SF,916,326,0,0,0,0,0,1,0,0,0,0,0,0,0,0,0,0,1,1,0.00,0.00,0.00,0.00,1.00,0.00,0.00,96,93,0.35,0.19,0.01,0.02,0.01,0.00,0.00,0.00,normal.,null
0,tcp,ftp_data,SF,12241,0,0,0,0,0,0,0,0,0,0,0,0,0,0,0,0,0,6,6,0.00,0.00,0.00,0.00,1.00,0.00,0.00,255,15,0.06,0.02,0.06,0.00,0.00,0.00,0.00,0.00,normal.,null
3,tcp,smtp,SF,1043,331,0,0,0,0,0,1,0,0,0,0,0,0,0,0,0,0,1,2,0.00,0.00,0.00,0.00,1.00,0.00,1.00,40,135,0.85,0.10,0.03,0.01,0.00,0.00,0.05,0.01,normal.,null
0,tcp,smtp,SF,2130,332,0,0,0,0,0,1,0,0,0,0,0,0,0,0,0,0,1,1,0.00,0.00,0.00,0.00,1.00,0.00,0.00,44,34,0.77,0.09,0.02,0.00,0.00,0.00,0.00,0.00,normal.,null
0,tcp,smtp,SF,1013,329,0,0,0,0,0,1,0,0,0,0,0,0,0,0,0,0,1,1,0.00,0.00,0.00,0.00,1.00,0.00,0.00,57,131,0.67,0.07,0.02,0.02,0.00,0.00,0.07,0.03,normal.,null
1,tcp,smtp,SF,5720,329,0,0,0,0,0,1,0,0,0,0,0,0,0,0,0,0,1,2,0.00,0.00,0.00,0.00,1.00,0.00,1.00,83,44,0.53,0.06,0.01,0.00,0.00,0.00,0.00,0.00,normal.,null
0,tcp,smtp,SF,814,326,0,0,0,0,0,1,0,0,0,0,0,0,0,0,0,0,1,1,0.00,0.00,0.00,0.00,1.00,0.00,0.00,70,169,0.47,0.07,0.01,0.02,0.00,0.01,0.04,0.06,normal.,null
0,tcp,ftp_data,SF,12241,0,0,0,0,0,0,0,0,0,0,0,0,0,0,0,0,0,7,7,0.00,0.00,0.00,0.00,1.00,0.00,0.00,169,19,0.11,0.06,0.11,0.00,0.00,0.00,0.01,0.00,normal.,null
2,tcp,smtp,SF,1313,365,0,0,0,0,0,1,0,0,0,0,0,0,0,0,0,0,1,2,0.00,0.00,0.00,0.00,1.00,0.00,1.00,62,101,0.66,0.06,0.02,0.02,0.00,0.00,0.05,0.08,normal.,null
2,tcp,smtp,SF,1025,332,0,0,0,0,0,1,0,0,0,0,0,0,0,0,0,0,1,2,0.00,0.00,0.00,0.00,1.00,0.00,1.00,76,161,0.49,0.08,0.01,0.01,0.00,0.00,0.04,0.03,normal.,null
2,tcp,smtp,SF,1020,284,0,0,0,0,0,1,0,0,0,0,0,0,0,0,0,0,1,1,0.00,0.00,0.00,0.00,1.00,0.00,0.00,82,50,0.61,0.05,0.01,0.00,0.00,0.00,0.02,0.04,normal.,null
0,tcp,ftp_data,SF,13239,0,0,0,0,0,0,0,0,0,0,0,0,0,0,0,0,0,3,3,0.00,0.00,0.00,0.00,1.00,0.00,0.00,55,13,0.24,0.07,0.24,0.00,0.00,0.00,0.00,0.00,normal.,null
0,tcp,ftp_data,SF,3894,0,0,0,0,0,0,0,0,0,0,0,0,0,0,0,0,0,1,1,0.00,0.00,0.00,0.00,1.00,0.00,0.00,52,64,0.17,0.10,0.17,0.03,0.02,0.00,0.13,0.00,normal.,null
0,tcp,ftp_data,SF,501760,0,0,0,0,0,0,0,0,0,0,0,0,0,0,0,0,0,2,2,0.00,0.00,0.00,0.00,1.00,0.00,0.00,113,46,0.28,0.16,0.40,0.04,0.01,0.02,0.00,0.00,normal.,null
1,tcp,smtp,SF,2149,329,0,0,0,0,0,1,0,0,0,0,0,0,0,0,0,0,1,4,0.00,0.00,0.00,0.00,1.00,0.00,1.00,87,47,0.54,0.06,0.01,0.00,0.00,0.00,0.00,0.00,normal.,null
0,tcp,smtp,SF,3594,330,0,0,0,0,0,1,0,0,0,0,0,0,0,0,0,0,1,1,0.00,0.00,0.00,0.00,1.00,0.00,0.00,108,131,0.43,0.06,0.01,0.02,0.00,0.00,0.00,0.00,normal.,null
0,tcp,ftp_data,SF,868,0,0,0,0,0,0,0,0,0,0,0,0,0,0,0,0,0,1,1,0.00,0.00,0.00,0.00,1.00,0.00,0.00,71,29,0.41,0.06,0.41,0.00,0.00,0.00,0.00,0.00,normal.,null
0,tcp,ftp_data,SF,1661,0,0,0,0,0,0,0,0,0,0,0,0,0,0,0,0,0,1,1,0.00,0.00,0.00,0.00,1.00,0.00,0.00,74,32,0.43,0.05,0.43,0.00,0.00,0.00,0.00,0.00,normal.,null
0,tcp,smtp,SF,1376,330,0,0,0,0,0,1,0,0,0,0,0,0,0,0,0,0,1,2,0.00,0.00,0.00,0.00,1.00,0.00,1.00,59,72,0.71,0.08,0.02,0.03,0.00,0.00,0.00,0.00,normal.,null
0,tcp,smtp,SF,4062,344,0,0,0,0,0,1,0,0,0,0,0,0,0,0,0,0,1,2,0.00,0.00,0.00,0.00,1.00,0.00,1.00,58,148,0.69,0.10,0.02,0.01,0.02,0.00,0.00,0.00,normal.,null
0,tcp,smtp,SF,3456,444,0,0,0,0,0,1,0,0,0,0,0,0,0,0,0,0,1,2,0.00,0.00,0.00,0.00,1.00,0.00,1.00,56,164,0.82,0.09,0.02,0.01,0.00,0.00,0.00,0.00,normal.,null
0,tcp,smtp,SF,1310,331,0,0,0,0,0,1,0,0,0,0,0,0,0,0,0,0,1,3,0.00,0.00,0.00,0.00,1.00,0.00,1.00,113,132,0.44,0.05,0.01,0.02,0.00,0.00,0.00,0.00,normal.,null
1,tcp,smtp,SF,2300,329,0,0,0,0,0,1,0,0,0,0,0,0,0,0,0,0,1,5,0.00,0.00,0.00,0.00,1.00,0.00,1.00,114,133,0.45,0.05,0.01,0.02,0.00,0.00,0.00,0.00,normal.,null
0,tcp,ftp_data,SF,7422,0,0,0,0,0,0,0,0,0,0,0,0,0,0,0,0,0,9,9,0.00,0.00,0.00,0.00,1.00,0.00,0.00,102,31,0.15,0.07,0.15,0.06,0.00,0.00,0.03,0.00,normal.,null
0,tcp,smtp,SF,1416,331,0,0,0,0,0,1,0,0,0,0,0,0,0,0,0,0,1,1,0.00,0.00,0.00,0.00,1.00,0.00,0.00,191,57,0.30,0.06,0.01,0.00,0.00,0.00,0.01,0.02,normal.,null
6,tcp,smtp,SF,14080,330,0,0,0,0,0,1,0,0,0,0,0,0,0,0,0,0,2,2,0.00,0.00,0.00,0.00,1.00,0.00,0.00,116,133,0.46,0.05,0.01,0.02,0.00,0.00,0.00,0.00,normal.,null
0,tcp,smtp,SF,4543,337,0,0,0,0,0,1,0,0,0,0,0,0,0,0,0,0,1,1,0.00,0.00,0.00,0.00,1.00,0.00,0.00,62,178,0.73,0.10,0.02,0.01,0.02,0.01,0.11,0.06,normal.,null
1,tcp,smtp,SF,1275,336,0,0,0,0,0,1,0,0,0,0,0,0,0,0,0,0,1,1,0.00,0.00,0.00,0.00,1.00,0.00,0.00,63,179,0.73,0.10,0.02,0.01,0.02,0.01,0.11,0.06,normal.,null
0,tcp,smtp,SF,872,327,0,0,0,0,0,1,0,0,0,0,0,0,0,0,0,0,1,1,0.00,0.00,0.00,0.00,1.00,0.00,0.00,81,177,0.58,0.04,0.01,0.01,0.00,0.00,0.05,0.03,normal.,null
0,tcp,smtp,SF,12672,1551,0,0,0,0,0,1,0,0,0,0,0,0,0,0,0,0,1,3,0.00,0.00,0.00,0.00,1.00,0.00,1.00,255,9,0.04,0.36,0.00,0.00,0.00,0.00,0.00,0.00,normal.,null
8,tcp,smtp,SF,12963,1460,0,0,0,0,0,1,0,0,0,0,0,0,0,0,0,0,1,2,0.00,0.00,0.00,0.00,1.00,0.00,1.00,69,82,0.75,0.07,0.01,0.02,0.00,0.00,0.00,0.00,normal.,null
4,tcp,smtp,SF,2162,330,0,0,0,0,0,1,0,0,0,0,0,0,0,0,0,0,1,1,0.00,0.00,0.00,0.00,1.00,0.00,0.00,88,170,0.67,0.05,0.01,0.01,0.00,0.00,0.00,0.00,normal.,null
1,tcp,smtp,SF,858,330,0,0,0,0,0,1,0,0,0,0,0,0,0,0,0,0,1,4,0.00,0.00,0.00,0.00,1.00,0.00,1.00,78,115,0.71,0.05,0.01,0.02,0.00,0.00,0.04,0.07,normal.,null
1,tcp,smtp,SF,1387,330,0,0,0,0,0,1,0,0,0,0,0,0,0,0,0,0,1,1,0.00,0.00,0.00,0.00,1.00,0.00,0.00,81,118,0.72,0.05,0.01,0.02,0.00,0.00,0.04,0.07,normal.,null
1,tcp,smtp,SF,801,331,0,0,0,0,0,1,0,0,0,0,0,0,0,0,0,0,1,3,0.00,0.00,0.00,0.00,1.00,0.00,1.00,95,175,0.67,0.04,0.01,0.01,0.00,0.00,0.00,0.00,normal.,null
0,tcp,smtp,SF,850,330,0,0,0,0,0,1,0,0,0,0,0,0,0,0,0,0,1,3,0.00,0.00,0.00,0.00,1.00,0.00,1.00,69,172,0.86,0.07,0.01,0.01,0.00,0.00,0.00,0.00,normal.,null
3,tcp,smtp,SF,5399,330,0,0,0,0,0,1,0,0,0,0,0,0,0,0,0,0,1,1,0.00,0.00,0.00,0.00,1.00,0.00,0.00,60,142,0.78,0.08,0.02,0.01,0.00,0.00,0.03,0.01,normal.,null
1,tcp,smtp,SF,2275,335,0,0,0,0,0,1,0,0,0,0,0,0,0,0,0,0,2,3,0.00,0.00,0.00,0.00,1.00,0.00,0.67,62,142,0.79,0.08,0.02,0.01,0.00,0.00,0.03,0.01,normal.,null
2,tcp,smtp,SF,911,340,0,0,0,0,0,1,0,0,0,0,0,0,0,0,0,0,1,2,0.00,0.00,0.00,0.00,1.00,0.00,1.00,71,178,0.73,0.08,0.01,0.01,0.01,0.01,0.10,0.05,normal.,null
1,tcp,smtp,SF,1448,337,0,0,0,0,0,1,0,0,0,0,0,0,0,0,0,0,1,2,0.00,0.00,0.00,0.00,1.00,0.00,1.00,89,107,0.79,0.06,0.01,0.02,0.01,0.01,0.00,0.00,normal.,null
1,tcp,smtp,SF,1082,330,0,0,0,0,0,1,0,0,0,0,0,0,0,0,0,0,1,2,0.00,0.00,0.00,0.00,1.00,0.00,1.00,87,171,0.55,0.06,0.01,0.02,0.00,0.01,0.03,0.06,normal.,null
1,tcp,smtp,SF,1459,369,0,0,0,0,0,1,0,0,0,0,0,0,0,0,0,0,1,2,0.00,0.00,0.00,0.00,1.00,0.00,1.00,75,88,0.77,0.07,0.01,0.02,0.00,0.00,0.00,0.00,normal.,null
0,tcp,smtp,SF,1111,326,0,0,0,0,0,1,0,0,0,0,0,0,0,0,0,0,1,1,0.00,0.00,0.00,0.00,1.00,0.00,0.00,106,66,0.62,0.05,0.01,0.00,0.00,0.00,0.00,0.00,normal.,null
0,tcp,smtp,SF,1465,326,0,0,0,0,0,1,0,0,0,0,0,0,0,0,0,0,1,1,0.00,0.00,0.00,0.00,1.00,0.00,0.00,142,93,0.44,0.13,0.01,0.02,0.01,0.00,0.00,0.00,normal.,null
0,tcp,smtp,SF,774,327,0,0,0,0,0,1,0,0,0,0,0,0,0,0,0,0,1,2,0.00,0.00,0.00,0.00,1.00,0.00,1.00,108,68,0.63,0.05,0.01,0.00,0.00,0.00,0.00,0.00,normal.,null
2,tcp,smtp,SF,3916,329,0,0,0,0,0,1,0,0,0,0,0,0,0,0,0,0,1,4,0.00,0.00,0.00,0.00,1.00,0.00,1.00,133,151,0.41,0.05,0.01,0.01,0.00,0.00,0.02,0.02,normal.,null
0,tcp,smtp,SF,998,321,0,0,0,0,0,1,0,0,0,0,0,0,0,0,0,0,1,1,0.00,0.00,0.00,0.00,1.00,0.00,0.00,85,118,0.73,0.06,0.01,0.02,0.01,0.01,0.00,0.00,normal.,null
1,tcp,smtp,SF,1288,328,0,0,0,0,0,1,0,0,0,0,0,0,0,0,0,0,1,2,0.00,0.00,0.00,0.00,1.00,0.00,1.00,119,79,0.66,0.04,0.01,0.00,0.00,0.00,0.00,0.00,normal.,null
1,tcp,smtp,SF,1626,334,0,0,0,0,0,1,0,0,0,0,0,0,0,0,0,0,1,2,0.00,0.00,0.00,0.00,1.00,0.00,1.00,76,146,0.74,0.08,0.01,0.01,0.01,0.00,0.00,0.00,normal.,null
0,tcp,smtp,SF,1041,329,0,0,0,0,0,1,0,0,0,0,0,0,0,0,0,0,1,1,0.00,0.00,0.00,0.00,1.00,0.00,0.00,100,56,0.56,0.04,0.01,0.00,0.00,0.00,0.00,0.00,normal.,null
0,tcp,ftp_data,SF,3625,0,0,0,0,0,0,0,0,0,0,0,0,0,0,0,0,0,3,2,0.00,0.00,0.00,0.00,0.67,0.67,0.00,144,39,0.22,0.05,0.22,0.05,0.01,0.00,0.02,0.00,normal.,null
0,tcp,smtp,SF,1294,330,0,0,0,0,0,1,0,0,0,0,0,0,0,0,0,0,1,1,0.00,0.00,0.00,0.00,1.00,0.00,0.00,99,97,0.68,0.05,0.01,0.02,0.00,0.00,0.00,0.00,normal.,null
1,tcp,smtp,SF,48181,330,0,0,0,0,0,1,0,0,0,0,0,0,0,0,0,0,1,2,0.00,0.00,0.00,0.00,1.00,0.00,1.00,150,98,0.45,0.12,0.01,0.02,0.01,0.00,0.00,0.00,normal.,null
1,tcp,smtp,SF,2111,331,0,0,0,0,0,1,0,0,0,0,0,0,0,0,0,0,1,3,0.00,0.00,0.00,0.00,1.00,0.00,1.00,109,65,0.60,0.04,0.01,0.00,0.00,0.00,0.00,0.00,normal.,null
0,tcp,ftp_data,SF,1030,0,0,0,0,0,0,0,0,0,0,0,0,0,0,0,0,0,8,8,0.00,0.00,0.00,0.00,1.00,0.00,0.00,116,63,0.40,0.03,0.40,0.03,0.00,0.00,0.03,0.00,normal.,null
0,tcp,ftp_data,SF,501760,0,0,0,0,0,0,0,0,0,0,0,0,0,0,0,0,0,2,2,0.00,0.00,0.00,0.00,1.00,0.00,0.00,118,30,0.21,0.04,0.21,0.07,0.01,0.00,0.00,0.00,normal.,null
1,tcp,smtp,SF,2943,482,0,0,0,0,0,1,0,0,0,0,0,0,0,0,0,0,1,10,0.00,0.00,0.00,0.00,1.00,0.00,0.40,65,255,1.00,0.00,0.02,0.04,0.00,0.00,0.00,0.00,normal.,{mixture}
1,tcp,smtp,SF,1438,330,0,0,0,0,0,1,0,0,0,0,0,0,0,0,0,0,1,2,0.00,0.00,0.00,0.00,1.00,0.00,1.00,36,156,0.83,0.11,0.03,0.01,0.00,0.00,0.00,0.00,normal.,{mixture}
0,tcp,smtp,SF,874,333,0,0,0,0,0,1,0,0,0,0,0,0,0,0,0,0,1,1,0.00,0.00,0.00,0.00,1.00,0.00,0.00,121,76,0.63,0.04,0.01,0.00,0.00,0.00,0.00,0.00,normal.,{mixture}
0,tcp,smtp,SF,736,330,0,0,0,0,0,1,0,0,0,0,0,0,0.01275,0,0,0,1,2,0.00,0.00,0.00,0.00,1.00,0.00,1.00,196,137,0.70,0.03,0.01,0.00,0.00,0.00,0.00,0.00,normal.,{mixture}
0,tcp,smtp,SF,1718,327,0,0,0,0,0,1,0,0,0,0,0,0,0,0,0,0,1,3,0.00,0.00,0.00,0.00,1.00,0.00,1.00,47,31,0.66,0.11,0.02,0.00,0.00,0.00,0.00,0.00,normal.,{mixture}
1,tcp,smtp,SF,1051,331,0,0,0,0,0,1,0,0,0,0,0,0,0,0,0,0,1,1,0.00,0.00,0.00,0.00,1.00,0.00,0.00,187,164,0.72,0.03,0.01,0.01,0.00,0.00,0.02,0.02,normal.,{mixture}
0,tcp,smtp,SF,822,335,0,0,0,0,0,1,0,0,0,0,0,0,0,0,0,0,1,1,0.00,0.00,0.00,0.00,1.00,0.00,0.00,122,255,1.00,0.00,0.50,0.04,0.00,0.00,0.00,0.00,normal.,{mixture}
0,tcp,0,SF,8325,0,0,0,0,0,0,0,0,0,0,0,0,0,0,0,0,0,20,20,0.00,0.00,0.00,0.00,1.00,0.00,0.00,8,255,1.00,0.00,0.12,0.02,0.00,0.00,0.00,0.00,normal.,{mixture}
0,tcp,smtp,SF,1092,328,0,0,0,0,0,1,0,0,0,0,0,0,0,0,0,0.81389,1,2,0.00,0.00,0.00,0.00,1.00,0.00,1.00,31,80,0.65,0.13,0.03,0.03,0.00,0.00,0.06,0.00,named.,{mixture}
1,tcp,smtp,SF,2197,333,0,0,0,0,0,1,0,0,0,0,0,0,0,0,0,0,1,3,0.00,0.00,0.00,0.00,1.00,0.00,0.00,43,64,0.77,0.09,0.02,0.03,0.00,0.00,0.00,0.00,normal.,{mixture}
0,tcp,smtp,SF,1244,411,0,0,0,0,0,1,0,0,0,0,0,0,0,0,0,0,1,2,0.00,0.00,0.00,0.00,1.00,0.00,1.00,130,138,0.52,0.05,0.01,0.01,0.00,0.00,0.00,0.00,normal.,{mixture}
0,tcp,ftp_data,SF,740,0,0,0,0,0,0,0,0,0,0,0,0,0,0,0,0,0,2,2,0.00,0.00,0.00,0.00,1.00,0.00,0.00,35,65,0.06,0.11,0.06,0.03,0.00,0.00,0.00,0.00,normal.,{mixture}
1,tcp,smtp,SF,1205,339,0,0,0,0,0,1,0,0,0,0,0,0,0,0,0,0,6,8,0.00,0.00,0.00,0.00,1.00,0.00,0.25,6,255,1.00,0.00,0.17,0.04,0.00,0.00,0.00,0.00,normal.,{mixture}
3,tcp,smtp,SF,1315,335,0,0,0,0,0,1,0,0,0,0,0,0,0,0,0,0,5,12,0.00,0.00,0.00,0.00,1.00,0.00,0.17,167,255,1.00,0.00,0.01,0.03,0.00,0.00,0.00,0.00,normal.,{mixture}
0,tcp,ecr_i,SF,1032,0,0,0,0,0,0,0,0,0,0,0,0,0,0,0,0,0,67,67,0.00,0.00,0.00,0.00,1.00,0.00,0.00,255,255,1.00,0.00,1.00,0.00,0.00,0.00,0.00,0.00,smurf.,{mixture}
0,tcp,smtp,SF,834,332,0,0,0,0,0,1,0,0,0,0,0,0,0,0,0,0,1,2,0.00,0.00,0.00,0.00,1.00,0.00,1.00,20,132,0.60,0.15,0.05,0.02,0.00,0.00,0.15,0.02,normal.,{mixture}
1,tcp,smtp,SF,3430,332,0,0,0,0,0,1,0,0,0,0,0,0,0,0,0,0,1,1,0.00,0.00,0.00,0.00,1.00,0.00,0.00,173,92,0.47,0.10,0.01,0.02,0.01,0.00,0.00,0.00,normal.,{mixture}
1,tcp,smtp,SF,1018,333,0,0,0,0,0,1,0,0,0,0,0,0,0,0,0,0,1,3,0.00,0.00,0.00,0.00,1.00,0.00,1.00,1,112,1.00,0.00,1.00,0.02,0.00,0.00,0.04,0.01,normal.,{mixture}
0,tcp,smtp,SF,2680,327,0,0,0,0,0,1,0,0,0,0,0,0,0,0,0,0,1,2,0.00,0.00,0.00,0.00,1.00,0.00,1.00,59,161,0.64,0.07,0.02,0.01,0.00,0.00,0.00,0.00,normal.,{mixture}
0,tcp,smtp,SF,776,378,0,0,0,0,0,1,0,0,0,0,0,0,0,0,0,0,1,2,0.00,0.00,0.00,0.00,1.00,0.00,1.00,34,25,0.74,0.12,0.03,0.00,0.00,0.00,0.00,0.00,normal.,{mixture}
0,tcp,smtp,SF,876,333,0,0,0,0,0,1,0,0,0,0,0,0,0,0,0,0,1,1,0.00,0.00,0.00,0.00,1.00,0.00,0.00,39,161,0.62,0.05,0.01,0.00,0.00,0.00,0.00,0.00,normal.,{mixture}
0,tcp,smtp,SF,1111,326,0,0,0,0,0,1,0,0,0,0,0,0,0,0,0,0,1,1,0.00,0.00,0.00,0.00,1.00,0.00,0.00,106,66,0.44,0.05,0.03,0.01,0.00,0.00,0.05,0.02,normal.,{mixture}
0,tcp,ftp_data,SF,740,0,0,0,0,0,0,0,0,0,0,0,0,0,0,0,0,0,1,2,0.00,0.00,0.00,0.00,1.00,0.00,1.00,62,101,0.66,0.06,0.02,0.02,0.00,0.00,0.05,0.08,normal.,{mixture}
2,tcp,smtp,SF,1313,365,0,0,0,0,0,1,0,0,0,1.4791,0,0,0,0,0,0,2,2,0.00,0.00,0.00,0.00,1.00,0.00,0.00,77,33,0.34,0.08,0.34,0.06,0.00,0.00,0.00,0.00,normal.,{mixture}
0,tcp,smtp,SF,2955,331,0,0,0,0,0,1,0,0,0,0,0,0,0,0,0,0,1,1,0.00,0.00,0.00,0.00,1.00,0.00,0.00,70,169,0.47,0.07,0.01,0.02,0.00,0.01,0.04,0.06,normal.,{mixture}
0,tcp,smtp,SF,814,326,0,0,0,0,0,1,0,0,0,0,0,0,0,0,0,0,1,1,0.00,0.00,0.00,0.00,1.00,0.00,0.00,80,117,0.71,0.05,0.01,0.02,0.00,0.00,0.04,0.07,normal.,{mixture}
1,tcp,smtp,SF,13239,0,0,0,0,0,0,0,0,0,0,0,0,0,0,0,0,0,3,3,0.00,0.00,0.00,0.00,1.00,0.00,0.00,55,13,0.24,0.07,0.24,0.00,0.00,0.00,0.00,0.00,normal.,{mixture}
1,tcp,smtp,SF,1676,333,0,0,0,0,0,1,0,0,0,0,0,0,0,0,0,0,1,1,0.00,0.00,0.00,0.00,1.00,0.00,0.00,31,157,0.84,0.10,0.03,0.01,0.00,0.00,0.00,0.00,normal.,{mixture}
0,tcp,ftp_data,SF,35195,0,0,0,0,0,0,0,0,0,0,0,0,0,0,0,0,0,10,10,0.00,0.00,0.00,0.00,1.00,0.00,0.00,92,44,0.43,0.07,0.43,0.56883,0.00,0.00,0.00,0.00,normal.,{mixture}
0,icmp,ecr_i,SF,1032,0,0,0,0,0,0,0,0,0,0,0,0,0,0,0,0,0,83,83,0.00,0.00,0.00,0.00,1.00,0.00,0.00,255,255,1.00,0.00,1.00,0.00,0.00,0.00,0.00,0.00,normal.,{mixture}
0,tcp,http,SF,1517,388,0,0,0,0,0,1,0,0,0,0,0,0,0,0,0,0,1,1,0.00,0.00,0.00,0.00,1.00,0.00,0.00,255,11,0.04,0.96,0.00,0.00,0.00,0.00,0.95,0.09,normal.,{mixture}
0,tcp,ftp_data,SF,740,0,0,0,0,0,0,0,0,0,0,0,0,0,0,0,0,0,2,2,0.00,0.00,0.00,0.33087,1.00,0.00,0.15,11,39,1.00,0.00,0.09,0.05,0.00,0.00,0.00,0.00,normal.,{mixture}
0,tcp,smtp,SF,1816,340,0,0,0,0,0,1,0,0,0,0,0,0,0,0,0,0,1,1,0.00,0.00,0.00,0.00,1.00,0.00,0.00,63,179,0.73,0.10,0.02,0.01,0.02,0.01,0.11,0.06,normal.,{mixture}
1,tcp,smtp,SF,1275,336,0,0,0,0,0,1,0,0,0,0,0,0,0,0,0,0,1,1,0.00,0.00,0.00,0.00,1.00,0.00,0.00,23,171,0.87,0.13,0.04,0.02,0.04,0.01,0.22,0.05,normal.,{mixture}
1,tcp,smtp,SF,1975,406,0,0,0,0,0,1,0,0,0,0,0,0,0,0,0,0,1,2,0.00,0.00,0.00,0.00,1.00,0.00,1.00,46,91,0.20,0.37,0.02,0.02,0.02,0.00,0.00,0.00,normal.,{mixture}
0,tcp,smtp,SF,765,325,0,0,0,0,0,1,0,0,0,0,0,0,0,0,0,0,1,4,0.00,0.00,0.00,0.00,1.00,0.00,1.00,66,158,0.59,0.06,0.02,0.01,0.00,0.00,0.00,0.00,normal.,{mixture}
0,tcp,smtp,SF,1960,387,0,0,0,0,0,1,0,0,0,0,0,0,0,0,0,0,4,5,0.00,0.00,0.00,0.00,1.00,0.00,0.40,53.02917,20,0.19,0.11,0.19,0.10,0.00,0.00,0.00,0.00,normal.,{mixture}
0,tcp,ftp_data,SF,1376,0,0,0,0,0,0,0,0,0,0,0,0,0,0,0,0,0,1,2,0.00,0.00,0.00,0.00,1.00,0.00,1.00,255,3,0.01,0.02,0.00,0.00,0.00,0.00,0.01,0.00,normal.,{mixture}
1,tcp,smtp,SF,2362,329,0,0,0,0,0,1,0,0,0,0,0,0,0,0,0,0,1,2,0.00,0.00,0.00,0.00,1.00,0.00,1.00,106,169,0.46,0.07,0.01,0.02,0.00,0.01,0.04,0.06,normal.,{mixture}
0,tcp,smtp,SF,1137,334,0,0,0,0,0,1,0,0,0,0,0,0,0,0,0,0,1,78.92808,0.00,0.00,0.00,0.00,1.00,0.00,0.00,69,62,0.58,0.04,0.01,0.00,0.00,0.00,0.00,0.00,normal.,{mixture}
0,icmp,ecr_i,SF,1032,0,0,0,0,0,0,0,0,0,0,0,0,0,0,0,0,0,65,65,0.00,0.00,0.00,0.00,1.00,0.00,0.00,18,255,1.00,0.00,0.06,0.04,0.00,0.00,0.00,0.00,normal.,{mixture}
0,tcp,ftp_data,SF,7658,0,0,0,0,0,0,0,0,0,0,0,0,0,0,0,0,0,2,3,0.00,0.00,0.00,0.00,1.00,0.00,1.00,55,159,0.62,0.07,0.02,0.01,0.00,0.00,0.00,0.00,normal.,{mixture}
3,tcp,smtp,SF,841,332,0,0,0,0,0,1,0,0,0,0,0,0,0,0,0,0,1,1,0.00,0.00,0.00,0.00,1.00,0.00,0.00,10,121,0.90,0.20,0.10,0.02,0.00,0.00,0.00,0.00,normal.,{mixture}
1,tcp,smtp,SF,1029,330,0,0,0,0,0,1,0,0,0,0,0,0,0,0,0,0,1,1,0.00,0.00,0.00,0.00,1.00,0.00,0.00,41,163,0.46,0.05,0.02,0.01,0.00,0.00,0.05,0.02,normal.,{mixture}
1,tcp,smtp,SF,942,338,0,0,0,0,0,1,0,0,0,0,0,0,0,0,0,0,1,3,0.00,0.00,0.00,0.00,1.00,0.00,1.00,172,170,0.61,0.03,0.01,0.01,0.00,0.00,0.02,0.02,normal.,{mixture}
1,tcp,smtp,SF,4721,334,0,0,0,0,0,1,0,0,0,0,0,0,0,0,0,0,1,2,0.00,0.00,0.00,0.00,1.00,0.00,1.00,44,168,0.80,0.09,0.02,0.01,0.02,0.01,0.16,0.07,normal.,{mixture}
0,icmp,ecr_i,SF,1032,0,0,0,0,0,0,0,0,0,0,19.10017,0,0,0,0,0,0,1,2,0.00,0.00,0.00,0.00,1.00,0.00,1.00,83,44,0.53,0.06,0.01,0.00,0.00,0.00,0.00,0.00,normal.,{mixture}
1,tcp,smtp,SF,5720,329,0,0,0,0,0,1,0,0,0,0,0,0,0,0,0,0,6,6,0.00,0.00,0.00,0.00,1.00,0.00,0.00,255,182,0.71,0.02,0.72,0.00,0.00,0.00,0.00,0.00,smurf.,{mixture}
1,tcp,smtp,SF,1625,377,0,0,0,0,0,1,0,0,0,0,0,0,0,0,0,0,1,2,0.00,0.00,0.00,0.00,1.00,0.00,1.00,8,160,0.88,0.08,0.03,0.01,0.01,0.00,0.00,0.00,normal.,{mixture}
1,tcp,smtp,SF,1810,340,0,0,0,0,0,1,0,0,0,0,0,0,0,0,0,0,1,3,0.00,0.00,0.00,0.00,1.00,0.00,1.00,75,146,0.73,0.25,0.12,0.02,0.00,0.00,0.00,0.00,normal.,{mixture}
0,tcp,smtp,SF,1843,400,0,0,0,0,0,1,0,0,0,0,0,0,0,0,0,0,1,3,0.00,0.00,0.00,0.00,1.00,0.00,1.00,255,4,0.02,0.02,0.00,0.00,0.00,0.00,0.00,0.00,normal.,{mixture}
1,tcp,smtp,SF,1094,334,0,0,0,0,0,1,0,0,0,0,0,0,0,0,0,0,1,3,0.00,0.00,0.00,0.00,1.00,0.00,0.00,14,42,0.79,0.29,0.27752,0.05,0.00,0.00,0.00,0.00,normal.,{mixture}
0,tcp,smtp,SF,1407,331,0,0,0,0,0,1,0,0,0,0,0,0,0,0,0,0,1,2,0.00,0.00,0.00,0.00,1.00,0.00,0.80,89,255,1.00,0.00,0.01,0.04,0.00,0.00,0.00,0.00,normal.,{mixture}
1,tcp,smtp,SF,5862,332,0,0,0,0,0,1,0,0,0,0,0,0,0,0,0,0,3,406.7564,0.00,0.00,0.00,0.00,1.00,0.00,0.17,24,255,1.00,0.00,0.04,0.02,0.00,0.00,0.00,0.00,normal.,{mixture}
0,tcp,smtp,SF,849,325,0,0,0,0,0,1,0,0,0,0,0,0,0,0,0,0,1,2,0.00,0.00,0.00,0.00,1.00,0.00,1.00,53,175,0.58,0.04,0.02,0.01,0.00,0.00,0.04,0.02,normal.,{mixture}
0,tcp,smtp,SF,708,280,0,0,0,0,0,1,0,0,0,0,0,0,0,0,0,0,1,1,0.00,0.00,0.00,0.05691,1.00,0.00,0.00,123,92,0.39,0.15,0.01,0.02,0.01,0.00,0.00,0.00,normal.,{mixture}
0,tcp,smtp,SF,1073,328,0,0,0,0,0,1,0,0,0,0,0,0,0,0,0,0,3,4,0.00,0.00,0.00,0.00,1.00,0.00,0.50,92,255,1.00,0.00,0.01,0.04,0.00,0.00,0.00,0.00,normal.,{mixture}
0,icmp,ecr_i,SF,1032,0,0,0,0,0,0,0,0,0,0,0,0,0,0,0,0,0,37,37,0.00,0.00,0.00,0.00,1.00,0.00,0.00,255,255,1.00,0.00,1.00,0.00,0.00,0.00,0.03,0.01,normal.,{mixture}
3,tcp,smtp,SF,5399,330,0,0,0,0,0,1,0,0,0,0,0,0,0,0,0.87711,0,1,1,0.00,0.00,0.00,0.00,1.00,0.00,0.00,60,142,0.78,0.08,0.02,0.01,0.00,0.00,0.00,0.00,smurf.,{mixture}
0,icmp,ecr_i,SF,1032,0,0,0,0,0,0,0,0,0,0,0,0,0,0,0,0,0,506,506,0.00,0.00,0.00,0.00,1.00,0.00,0.00,255,255,1.00,0.00,1.00,0.00,0.00,0.00,0.00,0.00,smurf.,{mixture}
0,icmp,ecr_i,SF,1032,0,0,0,0,0,0,0,0,0,0,0,0,0,0,0,0,0,511,511,0.00,0.00,0.00,0.00,1.00,0.00,0.00,255,255,1.00,0.00,1.00,0.00,0.00,0.00,0.00,0.00,smurf.,{mixture}
0,tcp,ftp_data,SF,16225,0,0,0,0,0,0,0,0,0,0,0,0,0,0,0,0,0,1,1,0.00,0.00,0.00,0.00,1.00,0.00,0.00,255,1,0.00,0.01,0.00,0.00,0.00,0.00,0.00,0.00,multihop.,{mixture}
0,tcp,smtp,SF,2130,332,0,0,0,0,0,1,0,0,0,0,0,0,0,0,0,0,1,1,0.00,0.00,0.00,0.00,1.00,0.00,0.00,44,34,0.77,0.09,0.02,0.00,0.00,0.00,0.00,0.00,normal.,{mixture}
3,tcp,smtp,SF,841,332,0,0,0,0,0,1,0,0,0,0,0,0,0,0,0,0,1,1,0.00,0.00,0.00,0.00,1.00,0.00,0.00,71,29,0.41,0.06,0.41,0.00,0.00,0.00,0.00,0.00,normal.,{mixture}
0,tcp,ftp_data,SF,868,0,0,0,0,0,0,0,0,0,0,0,0,0,0,0,0,0,1,1,0.00,0.00,0.00,0.00,1.00,0.00,0.00,41,163,0.46,0.05,0.02,0.01,0.00,0.00,0.05,0.02,normal.,{mixture}
0,tcp,ftp_data,SF,740,0,0,0,0,0,0,1,0,0,0,0,0,0,0,0,0,0,1,372.75225,0.00,0.00,0.00,0.00,1.00,0.00,0.00,122,149,0.40,0.06,0.01,0.01,0.00,0.00,0.02,0.02,normal.,{mixture}
0,tcp,smtp,SF,822,335,0,0,0,0,0,0,0,0,0,0,0,0,0,0,0,0,2,2,0.00,0.00,0.00,0.33087,1.00,0.00,0.15,11,39,1.00,0.00,0.09,0.05,0.00,0.00,0.00,0.00,normal.,{mixture}
0,icmp,ecr_i,SF,1032,0,0,0,0,0,0,0,0,0,0,0,0,0,0,0,0,0,2,470.92246,0.00,0.00,0.00,0.00,1.00,0.00,0.00,116,133,0.46,0.05,0.01,0.02,0.00,0.00,0.00,0.00,normal.,{mixture}
6,tcp,smtp,SF,14080,330,0,0,0,0,0,1,0,0,0,0,0,0,0,0,0,0,507,508,0.00,0.00,0.00,0.00,1.00,0.00,0.00,255,255,1.00,0.00,1.00,0.00,0.00,0.00,0.00,0.00,smurf.,{mixture}
1,tcp,smtp,SF,1448,337,0,0,0,0,0,1,0,0,0,0,0,0,1.1642,0,0,0,1,2,0.00,0.00,0.00,0.00,1.00,0.00,1.00,53,175,0.58,0.04,0.02,0.01,0.00,0.00,0.04,0.02,normal.,{mixture}
0,tcp,smtp,SF,708,280,0,0,0,0,0,1,0,0,0,0,0,0,0,0,0,0,1,2,0.00,0.00,0.00,0.00,1.00,0.00,1.00,89,107,0.79,0.06,0.01,0.02,0.01,0.01,0.00,0.00,normal.,{mixture}
0,tcp,smtp,SF,925,333,0,0,0,0,0,1,0,0,0,0,0,0,0,0,0,0,37,37,0.00,0.00,0.00,0.00,1.00,0.00,0.00,168.09547,255,1.00,0.00,1.00,0.00,0.00,0.00,0.03,0.01,normal.,{mixture}
0,icmp,ecr_i,SF,1032,0,0,0,0,0,0,0,0,0,0,0,0,0,0,0,0,0,1,1,0.00,0.00,0.00,0.00,1.00,0.00,0.00,46,67,0.78,0.09,0.02,0.03,0.00,0.00,0.00,0.00,normal.,{mixture}
1,tcp,smtp,SF,1205,339,0,0,0,0,0,1,0,0,0,0,0,0,0,0,0,0,1,2,0.00,0.00,0.00,0.00,1.00,0.00,1.00,3,167,1.00,0.00,0.33,0.02,0.04,0.01,0.22,0.05,normal.,{mixture}
1,tcp,smtp,SF,1275,336,0,0,0,0,0,1,0,0,0,0,0,0,0,0,0,0,1,1,0.00,0.00,0.00,0.00,1.00,0.00,0.00,23,171,0.87,0.13,0.04,0.02,0.33,0.01,0.00,0.02,normal.,{mixture}
0,tcp,smtp,SF,814,326,0,0,0,0,0,1,0,0,0,0,0,0,0,0,0,0,1,1,0.00,0.00,0.00,0.00,1.00,0.00,0.00,255,6,0.02,0.02,0.00,0.00,0.00,0.00,0.00,0.00,normal.,{mixture}
0,tcp,smtp,SF,2229,481,0,0,0,0,0,1,0,0,0,0,0,0,0,0,0,0,1,1,0.00,0.00,0.00,0.00,1.00,0.00,0.00,80,117,0.71,0.05,0.01,0.02,0.00,0.00,0.04,0.07,normal.,{mixture}
1,tcp,smtp,SF,1051,331,0,0,0,0,0,1,0,0,0,0,0,0,0,0,0,0,1,1,0.00,0.00,0.00,0.00,1.00,0.00,0.00,187,164,0.72,0.03,0.01,0.01,0.00,0.00,0.00,0.00,normal.,{mixture}
1,tcp,smtp,SF,1216,370,0,0,0,0,0,1,0,0,0,0,0,0,0,0,0,0,1,3,0.00,0.00,0.00,0.00,1.00,0.00,1.00,75,40,0.53,0.07,0.40145,0.00,0.00,0.00,0.02,0.02,normal.,{mixture}
1,tcp,smtp,SF,2943,482,0,0,0,0,0,1,0,0,0,0,0,0,0,0,0,0,1,4,0.00,0.00,0.00,0.00,1.00,0.00,1.00,255,8,0.03,0.01,0.14,0.00,0.00,0.00,0.00,0.00,smurf.,{mixture}
0,icmp,ecr_i,SF,1032,0,0,0,0,0,0,0,0,0,0,0,0,0,0,0,0.8734,0,509,509,0.00,0.00,0.00,0.00,1.00,0.00,0.00,255,35,0.14,0.02,0.01,0.00,0.00,0.00,0.00,0.00,normal.,{mixture}
0,icmp,ecr_i,SF,1162,326,0,0,0,0,0,1,0,0,0,0,0,0,0,0,0.46503,0,1,1,0.00,0.00,0.00,0.00,1.00,0.00,0.00,66,4,0.06,0.11,0.02,0.00,0.00,0.00,0.00,0.00,normal.,{mixture}
0,tcp,smtp,SF,1032,0,0,0,0,0,0,0,0,0,0,0,0,0,0,0,0,0,228,228,0.00,0.00,0.00,0.00,1.00,0.00,0.00,255,255,1.00,0.00,1.00,0.00,0.00,0.00,0.00,0.00,smurf.,{mixture}
0,icmp,ecr_i,SF,1032,0,0,0,0,0,0,0,0,0,0,0,0,0,0,0,0,0,511,511,0.00,0.00,0.00,0.00,1.00,0.00,0.00,255,255,1.00,0.00,1.00,0.00,0.64052,0.00,0.00,0.00,smurf.,{mixture}
0,icmp,ecr_i,SF,1032,0,0,0,0,0,0,0,0,0,0,0,0,0,0,0,0,0,366,366,0.00,0.00,0.00,0.00,1.00,0.00,0.00,85,84,0.99,0.02,0.99,0.00,0.00,0.00,0.00,0.00,smurf.,{mixture}
1,tcp,smtp,SF,4721,334,0,0,0,0,0,1,0,0.13271,0,0,0,0,0,0,0,0,1,3,0.00,0.00,0.00,0.00,1.00,0.00,1.00,172,170,0.61,0.03,0.01,0.01,0.00,0.00,0.00,0.00,normal.,{mixture}
0,tcp,smtp,SF,1481,329,0,0,0,0,0,1,0,0,0,0,0,0,0,0,0,0,1,1,0.00,0.00,0.00,0.00,1.00,0.00,0.00,18,163,0.94,0.11,0.06,0.01,0.00,0.00,0.02,0.02,normal.,{mixture}
0,icmp,ecr_i,SF,1032,0,0,0,0,0,0,0,0,0,0,0,0,0,0,0,0,0,503,503,0.00,0.00,0.00,0.00,1.00,0.00,1.00,2,109,1.00,0.00,0.50,0.02,0.00,0.01,0.00,0.00,normal.,{mixture}
5,tcp,smtp,SF,812,329,0,0,0,0,0,1,0,0,0,0,0,0,0,0,0,0,1,2,0.00,0.00,0.00,0.00,1.00,0.00,1.00,36,175,0.33,0.08,0.03,0.02,0.00,0.00,0.01,0.02,normal.,{mixture}
0,tcp,smtp,SF,1356,327,0,0,0,0,0,1,0,0,0,0,0,0,0,0,0,0,1,2,0.00,0.00,0.00,0.00,1.00,0.00,1.00,186,53,0.28,0.06,0.01,0.00,0.00,0.01,0.06,0.05,normal.,{mixture}
0,tcp,ftp_data,SF,15722,0,0,0,0,0,0,0,0,0,0,0,0,0,0,0,0,0,2,2,0.00,0.00,0.00,0.00,1.00,0.00,0.00,55,140,0.78,0.09,0.02,0.01,0.00,0.00,0.00,0.00,normal.,{mixture}
0,tcp,smtp,SF,1570,332,0,0,0,0,0,1,0,0,0,0,0,0,0,0,0,0,3,406.7564,0.00,0.00,0.00,0.00,1.00,0.00,0.17,24,255,1.00,0.00,0.04,0.02,0.00,0.00,0.00,0.00,normal.,{mixture}
1,tcp,smtp,SF,5862,332,0,0,0,0,0,1,0,0,0,0,0,0,0,0,0,0,1,1,0.00,0.00,0.00,0.00,1.00,0.00,0.00,100,172,0.82,0.06,0.01,0.01,0.00,0.00,0.00,0.00,normal.,{mixture}
0,tcp,smtp,SF,1032,0,0,0,0,0,0,0,0,0,0,0,0,0,0,0,0,0,511,511,0.00,0.00,0.00,0.00,1.00,0.00,0.00,225,224,1.00,0.01,1.00,0.00,0.00,0.00,0.00,0.00,smurf.,{mixture}
0,tcp,smtp,SF,4062,344,0,0,0,0,0,1,0,0,0,0,0,0,0,0,0.38896,0,1,2,0.00,0.00,0.00,0.00,1.00,0.00,1.00,58,148,0.69,0.10,0.02,0.01,0.02,0.00,0.00,0.00,smurf.,{mixture}
0,icmp,ecr_i,SF,1032,0,0,0,0,0,0,0.32409,0,0,0,0,0,0,0,0,0,0,511,511,0.00,0.00,0.00,0.00,1.00,0.00,0.00,102,101,0.99,0.02,0.99,0.00,0.00,0.00,0.00,0.00,normal.,{mixture}
0,tcp,smtp,SF,6095,332,0,0,0,0,0,1,0,0,0,0,0,0,0,0,0,0,1,2,0.00,0.00,0.00,0.00,1.00,0.00,1.00,71,178,0.73,0.08,0.01,0.01,0.01,0.01,0.10,0.05,normal.,{mixture}
2,tcp,smtp,SF,911,340,0,0,0,0,0,1,0,0,0,0,0,0,0,0,0,0,1,6,0.00,0.00,0.00,0.00,1.00,0.00,0.83,118,21,0.18,0.07,0.01,0.00,0.00,0.00,0.01,0.05,normal.,{mixture}
1,tcp,smtp,SF,5862,332,0,0,0,0,0,1,0,0,0,0,0,0,0,0,0,0,1,2,0.00,0.00,0.00,0.00,1.00,0.00,1.00,84,139,0.74,0.05,0.30901,0.01,0.00,0.00,0.05,0.03,normal.,{mixture}
1,tcp,smtp,SF,2197,333,0,0,0,0,0,1,0,0,0,0,0,0,0,0,0,0,1,3,0.00,0.00,0.00,0.00,1.00,0.00,0.67,4,136,0.50,0.50,0.25,0.01,0.00,0.00,0.00,0.00,normal.,{mixture}
0,tcp,ftp_data,SF,854,0,0,0,0,0,0,0,0,0,0,0,0,0,0,0,0,0,10,10,0.00,0.00,0.00,0.00,1.00,0.00,0.00,24,49,0.67,0.08,0.67,0.04,0.00,0.00,0.00,0.01,normal.,{mixture}
1,tcp,smtp,SF,1387,330,0,0,0,0,0,1,0,0,0,12.71973,0,0,0,0,0,0,1,1,0.00,0.00,0.00,0.00,1.00,0.00,0.00,1,167,1.00,0.00,1.00,0.02,0.00,0.00,0.00,0.02,normal.,{mixture}
0,tcp,smtp,SF,868,339,0,0,0,0,0,1,0,0,0,0,0,0,0,0,0,0,1,1,0.00,0.00,0.00,0.00,1.00,0.00,0.00,81,118,0.72,0.05,0.01,0.02,0.00,0.00,0.04,0.07,normal.,{mixture}
0,icmp,ecr_i,SF,1032,0,0,0,0,0,0,0,0,0,0,0,0,0,0,0,0,0,456,456,0.00,0.00,0.00,0.00,1.00,0.00,0.00,255,255,1.00,0.00,1.00,0.00,0.00,0.00,0.00,0.00,smurf.,{mixture}
0,icmp,ecr_i,SF,1032,0,0,0,0,0,0,0,0,0,0,0,0,0,0,0,0,0,508,508,0.00,0.00,0.00,0.00,1.00,0.00,0.00,255,39,0.15,0.02,0.16,0.00,0.00,0.00,0.00,0.00,smurf.,{mixture}
0,icmp,ecr_i,SF,861,333,0,0,0,0,0,1,0,0,0,0,0,0,0,0,0,0,1,2,0.00,0.00,0.00,0.00,1.00,0.00,1.00,48,131,0.62,0.08,0.02,0.02,0.00,0.93719,0.08,0.03,normal.,{mixture}
2,tcp,smtp,SF,1032,0,0,0,0,0,0,0,0,0,0,0,0,0,0,0,0,0,510,510,0.00,0.00,0.00,0.00,1.00,0.00,0.00,188,187,0.99,0.01,0.99,0.00,0.00,0.00,0.00,0.00,smurf.,{mixture}
0,tcp,smtp,SF,1396,324,0,0,0,0,0,1,0,0,0,0,0,0,0,0,0,0,443.40747,1,0.00,0.00,0.00,0.00,1.00,0.00,0.00,210,135,0.62,0.02,0.00,0.01,0.00,0.01,0.00,0.00,normal.,{mixture}
1,tcp,smtp,SF,2943,482,0,0,0,0,0,1,0,0,0,0,0,0,0,0,0,0,1,10,0.00,0.00,0.00,0.00,1.00,0.00,0.40,65,255,1.00,0.00,1.00,0.00,0.00,0.00,0.00,0.00,smurf.,{mixture}
0,icmp,ecr_i,SF,1032,0,0,0,0,0,0,0,0,0,0,0,0,0,0,0,0,0,395,395,0.00,0.00,0.00,0.00,1.00,0.00,0.00,255,128.56408,1.00,0.00,0.02,0.04,0.00,0.00,0.00,0.00,normal.,{mixture}
0,icmp,ecr_i,SF,1032,0,0,0,0,0,0,0,0,0,0,0,0,0,0,0,0,0,1,2,0.00,0.00,0.00,0.00,1.00,0.00,1.00,150,98,0.45,0.12,0.01,0.02,0.01,0.00,0.00,0.00,normal.,{mixture}
1,tcp,smtp,SF,48181,330,0,0,0,0,0,1,0,0,0,0,0,0,0,0,0,0,379,379,0.00,0.00,0.00,0.00,1.00,0.00,0.00,255,255,1.00,0.00,1.00,0.00,0.00,0.00,0.00,0.00,smurf.,{mixture}
0,icmp,ecr_i,SF,1032,0,0,0,0,0,0,0,0,0,0,0,0,0,0,0,0,0,139,139,0.00,0.00,0.00,0.00,1.00,0.00,0.00,104,178,0.69,0.04,0.01,0.01,0.00,0.00,0.00,0.00,normal.,{mixture}
0,tcp,smtp,SF,1308,332,0,0,0,0,0,1,0,0,0,0,0,0,0,0,0,0,1,1,0.00,0.00,0.00,0.00,1.00,0.00,0.00,255,255,1.00,0.00,1.00,0.00,0.00,0.00,0.00,0.00,smurf.,{mixture}
1,tcp,smtp,SF,942,338,0,0,0,0,0,1,0,0,0,0,0,0,0,0,0,0,1,1,0.00,0.00,0.00,0.00,1.00,0.00,0.00,60,142,0.78,0.08,0.02,0.01,0.00,0.00,0.03,0.01,normal.,{mixture}
3,tcp,smtp,SF,5399,330,0,0,0,0,0,1,0,0,0,0,0,0,0,0,0,0,1,3,0.00,0.00,0.00,0.00,1.00,0.00,1.00,172,170,0.61,0.32941,0.01,0.01,0.00,0.00,0.02,0.02,normal.,{mixture}
0,icmp,ecr_i,SF,1032,0,0,0,0,0,0,0,0,0,0,0,0,0,0,0,0,0,260,260,0.00,0.00,0.00,0.00,1.00,0.00,1.00,44,168,0.80,0.09,0.02,0.01,0.02,0.01,0.16,0.07,normal.,{mixture}
1,tcp,smtp,SF,942,338,0,0,0,0,0,1,0,0,0,0,0,0,0,0,0,0,1,2,0.00,0.00,0.00,0.00,1.00,0.00,0.00,255,255,1.00,0.00,1.00,0.00,0.00,0.00,0.00,0.00,smurf.,{mixture}
0,tcp,smtp,SF,998,321,0,0,0,0,0,1,0,0,0,0,0,0,0,0,0,0,1,1,0.00,0.00,0.00,0.00,1.00,0.00,0.00,85,118,0.73,0.06,0.01,0.02,0.01,0.01,0.00,0.00,normal.,{mixture}
0,tcp,smtp,SF,1416,331,0,0,0,0,0,1,0,0,0,0,0,0,0,0,0,0,1,1,0.00,0.00,0.00,0.00,1.00,0.00,0.00,191,57,0.30,0.06,0.01,0.00,0.00,0.00,0.01,0.02,normal.,{mixture}
0,tcp,ftp_data,SF,1661,0,0,0,0,0,0,0,0,0,0,0,0,0,0,0,0,0,1,1,0.00,0.00,0.00,0.00,1.00,0.00,0.00,70,169,0.47,0.07,0.01,0.02,0.00,0.01,0.04,0.06,normal.,{mixture}
0,tcp,smtp,SF,2955,331,0,0,0,0,0,1,0,0,0,0,0,0,0,0,0,0,1,1,0.00,0.00,0.00,0.00,1.00,0.00,0.00,74,32,0.43,0.05,0.43,0.00,0.00,0.00,0.00,0.00,normal.,{mixture}
0,icmp,ecr_i,SF,1032,0,0,0,0,0,0,0,0,0,0,0,0,0,0,0,0,0,403,403,0.00,0.00,0.00,0.00,1.00,0.00,0.00,255,255,1.00,0.00,1.00,0.00,0.00,0.00,0.00,0.00,smurf.,{mixture}
0,icmp,ecr_i,SF,1032,0,0,0,0,0,0,0,0,0,0,0,3.17128,0,0,0,0,0,511,511,0.00,0.00,0.00,0.00,1.00,0.00,0.00,24,23,0.96,0.08,0.96,0.00,0.00,0.00,0.00,0.00,smurf.,{mixture}
0,tcp,smtp,SF,1137,334,0,0,0,0,0,0,0,0,0,0,0,0,0,0,0,0,1,1,0.00,0.00,0.00,0.00,1.00,0.00,0.00,255,1,0.00,0.01,0.00,0.00,0.00,0.00,0.00,0.00,xlock.,{mixture}
0,icmp,ecr_i,SF,1032,0,0,0,0,0,0,0,0,0,0,19.10017,0,0,0.8668,0,0,0,1,2,0.00,0.00,0.00,0.00,1.00,0.00,1.00,83,44,0.53,0.06,0.01,0.00,0.00,0.00,0.00,0.00,smurf.,{mixture}
0,icmp,ecr_i,SF,1032,0,0,0,0,0,0,0,0,0,0,0,0,0,0,0,0,0,244,244,0.47407,0.00,0.00,0.00,1.00,0.00,0.00,255,255,1.00,0.00,1.00,0.00,0.00,0.00,0.00,0.00,normal.,{mixture}
0,tcp,smtp,SF,736,330,0,0,0,0,0,1,0,0,0,0,0,0,0,0,0,0,511,511,0.00,0.00,0.00,0.00,1.00,0.00,0.00,255,84,0.33,0.02,0.33,0.00,0.00,0.00,0.00,0.00,smurf.,{mixture}
0,icmp,ecr_i,SF,1032,0,0,0,0,0,0,0,0,0,0,0,0,0,0,0,0,0,1,1,0.00,0.00,0.00,0.00,1.00,0.00,0.00,121,76,0.63,0.04,0.01,0.00,0.00,0.00,0.00,0.00,normal.,{mixture}
0,tcp,smtp,SF,2434,0,0,0,0,0,0,0,0,0,0,0,0,0,0,0,0,0,510,510,0.00,0.00,0.00,0.00,1.00,0.00,0.00,147,146,0.99,0.01,0.99,0.00,0.00,0.00,0.00,0.00,smurf.,{mixture}
0,icmp,ecr_i,SF,1032,330,0,0,0,0,0,1,0,0,0,0,0,0,0,0,0,0,1,3,0.00,0.06667,0.00,0.00,1.00,0.00,1.00,13,71,0.85,0.23,0.08,0.03,0.00,0.00,0.08,0.08,normal.,{mixture}
0,icmp,ecr_i,SF,1032,0,0,0,0,0,0,0,0,0,0,0,0,0,0,0,0,0,194,194,0.00,0.00,0.96241,0.00,1.00,0.00,0.00,255,182,0.71,0.02,0.72,0.00,0.00,0.00,0.00,0.00,smurf.,{mixture}
1,tcp,smtp,SF,5720,329,0,0,0,0,0,1,0,0,0,0,0,0,0,0,0,0,6,6,0.00,0.00,0.00,0.00,1.00,0.00,0.00,255,255,1.00,0.00,1.00,0.00,0.00,0.00,0.00,0.00,smurf.,{mixture}
0,icmp,ecr_i,SF,1032,0,0,0,0,0,0,0,0,0,0,0,0,0,0,0,0,0,1,2,0.00,0.00,0.00,0.00,1.00,0.00,1.00,62,101,0.66,0.06,0.02,0.02,0.00,0.00,0.05,0.08,normal.,{mixture}
0,icmp,ecr_i,SF,1032,0,0,0,0,0,0.11246,0,0,0,0,0,0,0,0,0,0,0,122,122,0.00,0.00,0.00,0.00,1.00,0.00,0.00,255,255,1.00,0.00,1.00,0.00,0.00,0.00,0.00,0.00,smurf.,{mixture}
0,icmp,ecr_i,SF,1032,0,0,0,0,0,0,0,0,0,0,0,0,0,0,0,0,0,510,510,0.00,0.00,0.00,0.00,1.00,0.00,0.00,220,219,1.00,0.01,1.00,0.00,0.00,0.00,0.00,0.00,smurf.,{mixture}
0,tcp,smtp,SF,765,325,0,0,0,0,0,1,0,0,0,0,0,0,0,0,0,0,1,4,0.00,0.00,0.00,0.00,1.00,0.00,1.00,66,158,0.59,0.06,0.02,0.01,0.00,0.82043,0.00,0.00,normal.,{mixture}
0,tcp,smtp,SF,834,332,0,0,0,0,0,1,0,0,0,0,0,0,0,0,0,0,1,1,0.00,0.00,0.00,0.00,1.00,0.00,0.00,255,255,1.00,0.00,1.00,0.00,0.00,0.00,0.18255,0.00,smurf.,{mixture}
0,icmp,ecr_i,SF,1032,0,0,0,0,0,0,0,0,0,0,0,0,0,0,0,0,0,128,128,0.00,0.00,0.00,0.00,1.00,0.00,0.00,173,92,0.47,0.10,0.01,0.02,0.01,0.00,0.00,0.00,normal.,{mixture}
0,icmp,ecr_i,SF,1032,0,0,0,0,0,0,0,0,0,0,0,0,0,0,0,0,0,315,315,0.00,0.00,0.00,0.80445,1.00,0.00,0.00,255,255,1.00,0.00,1.00,0.00,0.00,0.00,0.00,0.00,smurf.,{mixture}
0,icmp,ecr_i,SF,1032,0,0,0,0,0,0,0,0,0,0,0,0,0,0,0,0,0,508,508,0.00,0.00,0.00,0.00,1.00,0.00,0.00,42,41,0.98,0.05,0.98,0.00,0.00,0.00,0.00,0.00,smurf.,{mixture}
0,tcp,smtp,SF,1145,332,0,0,0,0,0,1,0,0,0,0,0,0,0,0,0,0,1,1,0.00,0.00,0.00,0.00,1.00,0.00,0.00,14,100,0.79,0.14,0.07,0.03,0.00,0.00,0.00,0.00,smurf.,{mixture}
0,icmp,ecr_i,SF,1032,0,0,0,0,0,0,0,0,0,0,0,0,0.7555,0,0,0,0,509,510,0.00,0.00,0.00,0.00,1.00,0.00,0.00,255,131,0.51,0.02,0.52,0.00,0.00,0.00,0.00,0.00,normal.,{mixture}
0,icmp,ecr_i,SF,1032,0,0,0,0,0,0,1,0,0,0,0,0,0,0,0,0,0,1,2,0.00,0.00,0.00,0.00,1.00,0.00,0.80,89,255,1.00,0.00,0.01,0.04,0.00,0.00,0.00,0.00,normal.,{mixture}
0,tcp,smtp,SF,1407,331,0,0,0,0,0,0,0,0,0,0,0,0,0,0,0,0,510,510,0.00,0.00,0.00,0.00,1.00,0.00,0.00,255,181,0.71,0.02,0.71,0.00,0.00,0.00,0.00,0.00,smurf.,{mixture}
0,tcp,ftp_data,SF,12241,0,0,0,0,0,0,0,0,0,0,0,0,0,0,0,0,0,1,1,0.00,0.00,0.00,0.00,1.00,0.00,0.00,18,45,0.78,0.22,0.06,0.04,0.00,0.00,0.00,0.00,normal.,{mixture}
1,tcp,smtp,SF,1035,336,0,0,0,0,0,1,0,0,0,0,0,0,0,0,0,0,7,7,0.00,0.00,0.00,0.00,1.00,0.00,0.00,169,19,0.11,0.06,0.11,0.00,0.00,0.00,0.01,0.00,normal.,{mixture}
0,tcp,smtp,SF,1465,326,0,0,0,0,0,1,0,0,0,0,0,0,0,0,0,0,1,1,0.00,0.00,0.00,0.00,1.00,0.00,0.00,255,255,1.00,0.00,1.00,0.00,0.00,0.00,0.00,0.00,smurf.,{mixture}
0,icmp,ecr_i,SF,1032,0,0,0,0,0,0,0,0,0,0,0,0,0,0,0,0,0,459,459,0.00,0.00,0.00,0.00,1.00,0.00,0.00,142,93,0.44,0.13,0.01,0.02,0.01,0.00,0.00,0.00,normal.,{mixture}
0,icmp,ecr_i,SF,1032,0,0,0,0,0,0,1,0,0,0,0,0,0,2.02954,0,0,0,1,4,0.00,0.00,0.00,0.00,1.00,0.00,1.00,87,47,0.54,0.06,0.01,0.00,0.00,0.00,0.00,0.00,normal.,{mixture}
1,tcp,smtp,SF,2149,329,0,0,0,0,0,0,0,0,0,0,0,0,0,0,0,0,508,508,0.00,0.00,0.00,0.00,1.00,0.00,0.00,145,144,0.99,0.01,0.99,0.00,0.00,0.00,0.00,0.00,smurf.,{mixture}
0,icmp,ecr_i,SF,1032,0,0,0,0,0,0,0,0,0.87198,0,0,0,0,0,0,0,0,67,67,0.00,0.00,0.00,0.00,1.00,0.00,0.00,255,255,1.00,0.00,1.00,0.00,0.00,0.00,0.00,0.00,smurf.,{mixture}
0,icmp,ecr_i,SF,1032,0,0,0,0,0,0,0,0,0,0,0,0,0,0,0,0,0,391,391,0.00,0.00,0.00,0.00,1.00,0.00,0.00,255,255,1.00,0.00,1.00,0.00,0.00,0.00,0.00,0.00,smurf.,{mixture}
0,icmp,ecr_i,SF,1032,0,0,0,0,0,0,1,0,0,0,0,0,0,0,0,0,0,1,1,0.00,0.00,0.00,0.00,1.00,0.00,0.00,18,13,0.72,0.22,0.06,0.00,0.00,0.00,0.00,0.00,normal.,{mixture}
0,tcp,smtp,SF,4300,334,0,0,0,0,0,0,0,0,0,0,0,0,0,0,0,0,511,511,0.00,0.00,0.00,0.00,1.00,0.00,0.00,130,129,0.99,0.02,0.99,0.00,0.00,0.00,0.00,0.00,smurf.,{mixture}
0,tcp,smtp,SF,24879908.85418,337,0,0,0,0,0,1,0,0,0,0,0,0,0,0,0,0,1,1,0.00,0.00,0.00,0.00,1.00,0.00,0.00,231,151,0.61,0.03,0.00,0.01,0.00,0.00,0.01,0.01,normal.,{mixture}
1,tcp,smtp,SF,1598,329,0,0,0,0,0,1,0,0,0,0,0,0,0,0,0,0,1,1,0.00,0.00,0.00,0.00,1.00,0.00,0.00,62,178,0.73,0.10,0.02,0.01,0.02,0.01,0.11,0.06,normal.,{mixture}
1,tcp,smtp,SF,1312,318,0,0,0,0,0,1,0,0,0,0,0,0,0,0,0,0,1,1,0.00,0.00,0.00,0.00,1.00,0.00,0.00,100,56,0.56,0.04,0.01,0.00,0.00,0.00,0.00,0.00,normal.,{mixture}
0,tcp,smtp,SF,1041,329,0,0,0,0,0,1,0,0,0,0,0,0,0,0,0,0,1,2,0.00,0.00,0.00,0.00,1.00,0.00,1.00,48,28,0.58,0.08,0.02,0.00,0.00,0.00,0.04,0.07,normal.,{mixture}
0,tcp,smtp,SF,872,327,0,0,0,0,0,1,0,0,0,0,0,0,0,0,0,0,284,284,0.00,0.00,0.00,0.00,1.00,0.00,0.00,255,255,1.00,0.00,1.00,0.00,0.00,0.00,0.00,0.00,smurf.,{mixture}
0,icmp,ecr_i,SF,1032,0,0,0,0,0,0,0,0,0,0,0,0,0,0,0,0,0,1,1,0.00,0.00,0.00,0.00,1.00,0.00,0.00,81,177,0.58,0.04,0.01,0.01,0.00,0.00,0.05,0.03,normal.,{mixture}
0,tcp,smtp,SF,1816,340,0,0,0,0,0,0,0,0,0,0,0,0,0,0,0,0,317,317,0.00,0.00,0.00,0.00,1.00,0.00,0.00,255,255,1.00,0.00,1.00,0.00,0.00,0.00,0.00,0.00,smurf.,{mixture}
0,icmp,ecr_i,SF,1032,0,0,0,0,0,0,1,0,0,0,22.49494,0,0,0,0,0,0,1,1,0.00,0.00,0.00,0.00,1.00,0.00,0.00,23,171,0.87,0.13,0.04,0.02,0.04,0.01,0.22,0.05,normal.,{mixture}
0,tcp,smtp,SF,1288,333,0,0,0,0,0,1,0,0,0,0,0,0,0,0,0,0,1,2,0.00,0.00,0.00,0.00,1.00,0.00,1.00,146,184,0.86,0.04,0.01,0.01,0.00,0.00,0.00,0.00,normal.,{mixture}
1,tcp,smtp,SF,802,330,0,0,0,0,0,1,0,0,0,0,0,0,0,0,0,0,1,1,0.00,0.00,0.00,0.00,1.00,0.00,0.00,21,14,0.67,0.19,0.05,0.00,0.00,0.00,0.00,0.00,normal.,{mixture}
0,icmp,ecr_i,SF,1032,0,0,0,0,0,0,0,0,0,0,0,0,0,0,0,0,0,463,463,0.00,0.00,0.51104,0.00,1.00,0.00,0.00,255,255,0.22,0.05,0.22,0.05,0.01,0.00,0.02,0.00,normal.,{mixture}
0,tcp,ftp_data,SF,3625,0,0,0,0,0,0,0,0,0,0,0,0,0,0,0,0,0,3,2,0.00,0.00,0.00,0.00,0.67,0.67,0.00,144,39,1.00,0.00,1.00,0.00,0.00,0.00,0.00,0.00,smurf.,{mixture}
1,tcp,smtp,SF,777,338,0,0,0,0,0,0,0,0,0,0,0,0,0,0,0,0,43,43,0.00,0.00,0.00,0.00,1.00,0.00,0.00,255,255,1.00,0.00,1.00,0.00,0.00,0.00,0.00,0.00,smurf.,{mixture}
0,icmp,ecr_i,SF,1032,0,0,0,0,0,0,1,0,0,0,0,0,0,0,0,0,0,1,3,0.00,0.00,0.00,0.00,1.00,0.00,1.00,25,152,0.76,0.16,0.04,0.01,0.00,0.00,0.00,0.00,normal.,{mixture}
0,icmp,ecr_i,SF,1032,0,0,0,0,0,0,0,0,0,0,0,0,0,0,0,0,0,229,229,0.00,0.00,0.00,0.00,1.00,0.00,0.00,255,255,1.00,0.00,1.00,0.00,0.00,0.00,0.00,0.00,smurf.,{mixture}
0,icmp,ecr_i,SF,1032,0,0,0,0,0,0,0,0,0,0,0,0,0,0,0,0,0,498,498,0.00,0.00,0.00,0.00,1.00,0.00,0.00,255,255,1.00,0.00,1.00,0.00,0.00,0.00,0.00,0.00,smurf.,{mixture}
0,icmp,ecr_i,SF,1032,0,0,0,0,0,0,0,0,0,0,0,0,0,0,0,0,0,1,1,0.00,0.00,0.00,0.00,1.00,0.00,0.00,88,170,0.18608,0.05,0.01,0.01,0.00,0.00,0.00,0.00,normal.,{mixture}
4,tcp,smtp,SF,2162,330,0,0,0,0,0,1,0,0,0,0,0,0,0,0,0,0,504,504,0.00,0.00,0.00,0.00,1.00,0.00,0.00,255,254,1.00,0.01,1.00,0.00,0.00,0.00,0.00,0.00,smurf.,{mixture}
