0,udp,domain_u,SF,0,0,0,0,0,0,0,0,0,0,0,0,0,0,0,0,0,0,0.003914,0.001957,0,0,0,0,0.5,1,0,0.039216,0.011765,0.3,0.3,0.3,0,0,0,0,0,normal.,null,null
0,tcp,ftp_data,SF,0.000012,0,0,0,0,0,0,0,0,0,0,0,0,0,0,0,0,0,0.003914,0.003914,0,0,0,0,1,0,0,0.301961,0.129412,0.34,0.08,0.34,0.06,0,0,0,0,normal.,null,null
0,tcp,ftp_data,SF,0.00056,0,0,0,0,0,0,0,0,0,0,0,0,0,0,0,0,0,0.019569,0.019569,0,0,0,0,1,0,0,0.360784,0.172549,0.43,0.07,0.43,0.05,0,0,0,0,normal.,null,null
0,tcp,ftp_data,SF,0.000133,0,0,0,0,0,0,0,0,0,0,0,0,0,0,0,0,0,0.039139,0.039139,0,0,0,0,1,0,0,0.403922,0.211765,0.49,0.06,0.49,0.04,0,0,0,0,normal.,null,null
0,tcp,ftp_data,SF,0.00001,0,0,0,0,0,0,0,0,0,0,0,0,0,0,0,0,0,0.003914,0.001957,0,0,0,0,0.5,1,0,0.682353,0.219608,0.32,0.03,0.32,0,0,0,0,0,normal.,null,null
0,tcp,ftp_data,SF,0.000014,0,0,0,0,0,0,0,0,0,0,0,0,0,0,0,0,0,0.003914,0.003914,0,0,0,0,1,0,0,0.054902,0.152941,0.43,0.14,0.43,0.05,0,0,0,0,normal.,null,null
0,tcp,ftp_data,SF,0.000014,0,0,0,0,0,0,0,0,0,0,0,0,0,0,0,0,0,0.019569,0.019569,0,0,0,0,1,0,0,0.094118,0.192157,0.67,0.08,0.67,0.04,0,0,0,0,normal.,null,null
0,icmp,eco_i,SF,0,0,0,0,0,0,0,0,0,0,0,0,0,0,0,0,0,0,0.003914,0.003914,0,0,0,0,1,0,0,1,0.011765,0.01,0.01,0.01,0,0,0,0,0,normal.,null,null
0,tcp,other,SF,0.000019,0,0,0,0,0,0,0,0,0,0,0,0,0,0,0,0,0,0.017613,0.001957,0,0,0,0,0.11,0.56,0,0.098039,0.003922,0.04,0.4,0.76,0,0,0,0,0,normal.,null,null
0,tcp,ftp_data,SF,0.000004,0,0,0,0,0,0,0,0,0,0,0,0,0,0,0,0,0,0.003914,0.003914,0,0,0,0,1,0,0,0.035294,0.14902,0.33,0.22,0.33,0.08,0,0,0.11,0,normal.,null,null
0.000485,tcp,ftp,SF,0.000014,0.000497,0,0,0,0.178218,0,1,0,0,0,0,0,0,0,0,0,1,0.001957,0.001957,0,0,0,0,1,0,0,0.156863,0.015686,0.1,0.43,0.03,0,0.03,0,0,0,normal.,null,null
0,tcp,ftp_data,SF,0.00025,0,0,0,0,0,0,0,0,0,0,0,0,0,0,0,0,0,0.001957,0.001957,0,0,0,0,1,0,0,0.07451,0.184314,0.63,0.11,0.63,0.06,0,0,0.05,0,normal.,null,null
0,tcp,ftp_data,SF,0.000002,0,0,0,0,0,0,0,0,0,0,0,0,0,0,0,0,0,0.021526,0.021526,0,0,0,0,1,0,0,0.113725,0.211765,0.76,0.07,0.76,0.06,0,0,0.03,0,normal.,null,null
0,tcp,smtp,SF,0.000035,0.000092,0,0,0,0,0,1,0,0,0,0,0,0,0,0,0,0,0.001957,0.001957,0,0,0,0,1,0,0,1,0.023529,0.02,0.02,0,0,0,0,0,0,normal.,null,null
0,tcp,auth,SF,0,0.000007,0,0,0,0,0,0,0,0,0,0,0,0,0,0,0,0,0.001957,0.001957,0,0,0,0,1,0,0,0.14902,0.003922,0.03,0.11,0.03,0,0,0,0.13,0,normal.,null,null
0,tcp,ftp_data,SF,0.000003,0,0,0,0,0,0,0,0,0,0,0,0,0,0,0,0,0,0.003914,0.003914,0,0,0,0,1,0,0,0.270588,0.278431,0.33,0.26,0.52,0.03,0.01,0.01,0,0,normal.,null,null
0,icmp,ecr_i,SF,0,0,0,0,0,0,0,0,0,0,0,0,0,0,0,0,0,0,0.003914,0.003914,0,0,0,0,1,0,0,0.294118,0.294118,1,0,1,0,0,0,0,0,normal.,null,null
0,tcp,ftp_data,SF,0.000003,0,0,0,0,0,0,0,0,0,0,0,0,0,0,0,0,0,0.003914,0.003914,0,0,0,0,1,0,0,0.168627,0.05098,0.3,0.09,0.3,0,0,0,0.05,0,normal.,null,null
0.10661,tcp,IRC,RSTR,0.000014,0.001304,0,0,0,0,0,0,0,0,0,0,0,0,0,0,0,0,0.001957,0.001957,0,0,1,1,1,0,0,0.047059,0.015686,0.33,0.17,0.08,0,0,0,0.33,1,normal.,null,null
0,tcp,X11,S1,0.004553,0.0737,0,0,0,0,0,0,0,0,0,0,0,0,0,0,0,0,0.001957,0.001957,1,1,0,0,1,0,0,0.207843,0.003922,0.02,0.11,0.02,0,0.02,1,0.09,0,normal.,null,null
0,udp,domain_u,SF,0,0,0,0,0,0,0,0,0,0,0,0,0,0,0,0,0,0,0.003914,0.001957,0,0,0,0,0.5,1,0,0.152941,0.027451,0.18,0.08,0.18,0,0,0,0.08,0,normal.,null,null
0,tcp,ftp_data,SF,0.000012,0,0,0,0,0,0,0,0,0,0,0,0,0,0,0,0,0,0.003914,0.003914,0,0,0,0,1,0,0,0.137255,0.254902,0.06,0.11,0.06,0.03,0,0,0,0,normal.,null,null
0,tcp,ftp_data,SF,0.00025,0,0,0,0,0,0,0,0,0,0,0,0,0,0,0,0,0,0.003914,0.003914,0,0,0,0,1,0,0,0.160784,0.278431,0.2,0.1,0.2,0.03,0,0,0,0,normal.,null,null
0,tcp,finger,SF,0,0.000005,0,0,0,0,0,0,0,0,0,0,0,0,0,0,0,0,0.001957,0.001957,0,0,0,0,1,0,0,0.219608,0.031373,0.14,0.11,0.02,0,0.02,0,0.09,0,normal.,null,null
0,tcp,time,SF,0,0.000001,0,0,0,0,0,0,0,0,0,0,0,0,0,0,0,0,0.001957,0.001957,0,0,0,0,1,0,0,0.023529,0.023529,1,0,0.17,0,0,0,0,0,normal.,null,null
0,tcp,smtp,SF,0.000019,0.000077,0,0,0,0,0,1,0,0,0,0,0,0,0,0,0,0,0.001957,0.007828,0,0,0,0,1,0,1,1,0.019608,0.02,0.37,0,0,0,0,0,0,normal.,null,null
0,tcp,ftp_data,SF,0.000004,0,0,0,0,0,0,0,0,0,0,0,0,0,0,0,0,0,0.003914,0.003914,0,0,0,0,1,0,0,0.345098,0.062745,0.14,0.06,0.14,0.12,0,0,0.03,0,normal.,null,null
0,tcp,ftp_data,SF,0.00014,0,0,0,0,0,0,0,0,0,0,0,0,0,0,0,0,0,0.015656,0.015656,0,0,0,0,1,0,0,0.364706,0.145098,0.23,0.05,0.23,0.05,0,0,0,0,normal.,null,null
0.01225,tcp,domain,SF,0.000025,0,0,0,0,0,0,0,0,0,0,0,0,0,0,0,0,0,0.001957,0.001957,0,0,0,0,1,0,0,1,0.003922,0,0.02,0,0,0,0,0,0,named.,null,null
0.012181,tcp,X11,SF,0.00091,0.006837,0,0,0,0,0,0,0,0,0,0,0,0,0,0,0,0,0.001957,0.001957,0,0,0,0,1,0,0,0.003922,0.003922,1,0,1,0,0,0,0,0,named.,null,null
0.000399,tcp,ftp,SF,0.000005,0.000174,0,0,0,0.049505,0,1,0,0,0,0,0,0,0,0,0,1,0.001957,0.001957,0,0,0,0,1,0,0,0.607843,0.12549,0.21,0.12,0.01,0,0.01,0,0,0,normal.,null,null
0,icmp,ecr_i,SF,0,0,0,0,0,0,0,0,0,0,0,0,0,0,0,0,0,0,0.003914,0.003914,0,0,0,0,1,0,0,0.384314,0.384314,1,0,1,0,0,0,0,0,normal.,null,null
0,tcp,ftp_data,SF,0.000002,0,0,0,0,0,0,0,0,0,0,0,0,0,0,0,0,0,0.015656,0.015656,0,0,0,0,1,0,0,0.556863,0.2,0.3,0.03,0.3,0.04,0,0,0,0,normal.,null,null
0,tcp,time,SF,0,0.000001,0,0,0,0,0,0,0,0,0,0,0,0,0,0,0,0,0.001957,0.001957,0,0,0,0,1,0,0,0.058824,0.058824,1,0,0.07,0,0,0,0,0,normal.,null,null
0.000087,tcp,telnet,SF,0.000003,0.000741,0,0,0,0,0,1,0,0,0,0,0,0,0,0,0,0,0.001957,0.001957,0,0,0,0,1,0,0,0.619608,0.07451,0.12,0.04,0.01,0,0.01,0,0,0,normal.,null,null
0,tcp,ftp_data,SF,0.000246,0,0,0,0,0,0,0,0,0,0,0,0,0,0,0,0,0,0.001957,0.001957,0,0,0,0,1,0,0,0.831373,0.211765,0.24,0.03,0.24,0.04,0,0,0.01,0,normal.,null,null
0.003448,tcp,X11,SF,0.000893,0.00338,0,0,0,0,0,0,0,0,0,0,0,0,0,0,0,0,0.001957,0.001957,0,0,0,0,1,0,0,1,0.003922,0,0.01,0,0,0,0,0,0,xlock.,null,null
0,tcp,smtp,SF,0.000024,0.000075,0,0,0,0,0,1,0,0,0,0,0,0,0,0,0,0,0.001957,0.001957,0,0,0,0,1,0,0,1,0.043137,0.04,0.96,0,0,0,0,0.95,0.09,normal.,null,null
0.007502,tcp,X11,SF,0.503705,0.039936,0,0,0,0,0,0,0,0,0,0,0,0,0,0,0,0,0.001957,0.001957,0,0,0,0,1,0,0,1,0.007843,0.01,0.02,0,0,0,0,0,0,xlock.,null,null
0,udp,domain_u,SF,0.000001,0.000008,0,0,0,0,0,0,0,0,0,0,0,0,0,0,0,0,0.009785,0.009785,0,0,0,0,1,0,0,0.129412,0.905882,0.55,0.06,0.55,0.01,0.03,0,0.36,0,normal.,null,null
0,tcp,ftp_data,SF,0.000001,0,0,0,0,0,0,0,0,0,0,0,0,0,0,0,0,0,0.001957,0.001957,0,0,0,0,1,0,0,1,0.023529,0.02,0.92,0.02,0,0,0,0.92,0,normal.,null,null
0.000017,tcp,auth,SF,0,0.000007,0,0,0,0,0,0,0,0,0,0,0,0,0,0,0,0,0.001957,0.003914,0,0,0,0,1,0,1,1,0.035294,0.04,0.05,0,0,0,0,0,0,normal.,null,null
0.003916,tcp,telnet,SF,0.000008,0.011633,0,0,0,0,0,1,0.001256,0,0,0.001139,0,0,0,0,0,0,0.001957,0.001957,0,0,0,0,1,0,0,1,0.007843,0.01,0.02,0,0,0,0,0,0,xlock.,null,null
0.002322,tcp,IRC,SF,0.000005,0.000194,0,0,0,0,0,0,0,0,0,0,0,0,0,0,0,0,0.001957,0.001957,0,0,0,0,1,0,0,0.152941,0.066667,0.44,0.05,0.03,0,0.03,0.06,0.33,0.76,xlock.,null,null
0.000295,tcp,IRC,SF,0.000002,0.000211,0,0,0,0,0,0,0,0,0,0,0,0,0,0,0,0,0.001957,0.001957,0,0,0,0,1,0,0,0.156863,0.070588,0.45,0.05,0.03,0,0.03,0.06,0.32,0.72,normal.,null,null
0,icmp,ecr_i,SF,0,0,0,0,0,0,0,0,0,0,0,0,0,0,0,0,0,0,0.001957,0.001957,0,0,0,0,1,0,0,0.470588,0.470588,1,0,1,0,0,0,0,0,normal.,null,null
0,tcp,ftp_data,SF,0.00025,0,0,0,0,0,0,0,0,0,0,0,0,0,0,0,0,0,0.013699,0.013699,0,0,0,0,1,0,0,0.878431,0.141176,0.16,0.03,0.16,0,0,0,0.01,0,normal.,null,null
0,tcp,ftp_data,SF,0.000122,0,0,0,0,0,0,0,0,0,0,0,0,0,0,0,0,0,0.003914,0.005871,0,0,0,0,1,0,0.67,0.792157,0.215686,0.27,0.02,0.27,0,0,0,0,0,normal.,null,null
0,icmp,eco_i,SF,0,0,0,0,0,0,0,0,0,0,0,0,0,0,0,0,0,0,0.005871,0.001957,0,0,0,0,0.33,0.67,0,1,0.007843,0.01,0.01,0.01,0,0,0,0,0,normal.,null,null
0.00428,tcp,X11,SF,0.0201,0.00304,0,0,0,0,0,0,0,0,0,0,0,0,0,0,0,0,0.001957,0.001957,0,0,0,0,1,0,0,1,0.003922,0,0.71,0,0,0,0,0.69,0,xlock.,null,null
0,tcp,auth,SF,0,0.000007,0,0,0,0,0,0,0,0,0,0,0,0,0,0,0,0,0.001957,0.001957,0,0,0,0,1,0,0,0.909804,0.027451,0.03,0.03,0,0.29,0,0,0.01,0,normal.,null,null
0,tcp,auth,SF,0,0.000007,0,0,0,0,0,0,0,0,0,0,0,0,0,0,0,0,0.001957,0.001957,0,0,0,0,1,0,0,0.007843,0.019608,1,0,0.5,0.4,0,0,0,0,normal.,null,null
0,udp,domain_u,SF,0.000001,0.000022,0,0,0,0,0,0,0,0,0,0,0,0,0,0,0,0,0.001957,0.011742,0,0,0,0,1,0,0.33,0.05098,0.039216,0.77,0.15,0.08,0,0,0,0,0,normal.,null,null
0,tcp,ftp_data,SF,0.000003,0,0,0,0,0,0,0,0,0,0,0,0,0,0,0,0,0,0.003914,0.003914,0,0,0,0,1,0,0,0.007843,0.007843,1,0,1,0,0,0,0,0,normal.,null,null
0.000381,tcp,ftp_data,SF,0.00011,0,0,0,0,0,0,0,0,0,0,0,0,0,0,0,0,0,0.001957,0.001957,0,0,0,0,1,0,0,0.015686,0.015686,1,0,1,0,0,0,0,0,normal.,null,null
0,udp,domain_u,SF,0.000001,0.000021,0,0,0,0,0,0,0,0,0,0,0,0,0,0,0,0,0.001957,0.001957,0,0,0,0,1,0,0,0.160784,0.090196,0.56,0.05,0.02,0,0,0,0,0,normal.,null,null
0.017188,udp,other,SF,0.000002,0.00002,0,0,0,0,0,0,0,0,0,0,0,0,0,0,0,0,0.001957,0.001957,0,0,0,0,1,0,0,0.035294,0.015686,0.44,0.44,1,0,0,0,0,0,snmpgetattack.,null,null
0,udp,domain_u,SF,0.000001,0.000022,0,0,0,0,0,0,0,0,0,0,0,0,0,0,0,0,0.001957,0.001957,0,0,0,0,1,0,0,0.168627,0.094118,0.56,0.05,0.02,0,0,0,0,0,normal.,null,null
0.001923,tcp,telnet,SF,0.000005,0.029269,0,0,0,0,0,1,0.012563,0,0,0.009112,0,0,0.25,0,0,0,0.001957,0.001957,0,0,0,0,1,0,0,1,0.003922,0,0.01,0,0,0,0,0,0,xlock.,null,null
0,tcp,http,SF,0.000004,0.00043,0,0,0,0,0,1,0,0,0,0,0,0,0,0,0,0,0.013699,0.013699,0,0,0,0,1,0,0,1,0.035294,0.04,0.01,0,0,0,0,0,0,normal.,null,null
0,tcp,http,SF,0.000004,0.001069,0,0,0,0,0,1,0,0,0,0,0,0,0,0,0,0,0.011742,0.011742,0,0,0,0,1,0,0,1,0.058824,0.06,0.01,0,0,0,0,0,0,normal.,null,null
0,icmp,eco_i,SF,0,0,0,0,0,0,0,0,0,0,0,0,0,0,0,0,0,0,0.001957,0.001957,0,0,0,0,1,0,0,0.003922,0.003922,1,0,1,0,0,0,0,0,ipsweep.,null,null
0.001196,tcp,telnet,SF,0.000005,0.000531,0,0,0,0,0,1,0,0,0,0,0.03,0.4,0,0,0,0,0.001957,0.001957,0,0,0,0,1,0,0,1,0.003922,0,0.01,0,0,0,0,0,0,multihop.,null,null
0,icmp,eco_i,SF,0,0,0,0,0,0,0,0,0,0,0,0,0,0,0,0,0,0,0.001957,0.001957,0,0,0,0,1,0,0,0.003922,0.007843,1,0,1,1,0,0,0,0,ipsweep.,null,null
0,udp,domain_u,SF,0.000001,0.000008,0,0,0,0,0,0,0,0,0,0,0,0,0,0,0,0,0.003914,0.017613,0,0,0,0,1,0,0.33,0.278431,0.176471,0.63,0.04,0.03,0,0,0,0,0,normal.,null,null
0,tcp,smtp,SF,0.000018,0.000063,0,0,0,0,0,1,0,0,0,0,0,0,0,0,0,0,0.001957,0.001957,0,0,0,0,1,0,0,0.258824,0.015686,0.06,0.11,0.02,0,0,0,0,0,normal.,null,null
0,udp,domain_u,SF,0.000001,0.000008,0,0,0,0,0,0,0,0,0,0,0,0,0,0,0,0,0.005871,0.017613,0,0,0,0,1,0,0.33,0.298039,0.184314,0.62,0.05,0.01,0,0,0,0,0,normal.,null,null
0,tcp,X11,S1,0.00002,0.00216,0,0,0,0,0,0,0,0,0,0,0,0,0,0,0,0,0.001957,0.001957,1,1,0,0,1,0,0,1,0.003922,0,0.02,0,0,0,1,0,0,xsnoop.,null,null
0,icmp,eco_i,SF,0,0,0,0,0,0,0,0,0,0,0,0,0,0,0,0,0,0,0.001957,0.001957,0,0,0,0,1,0,0,0.003922,0.278431,1,0,1,1,0,0,0,0,ipsweep.,null,null
0,icmp,eco_i,SF,0,0,0,0,0,0,0,0,0,0,0,0,0,0,0,0,0,0,0.001957,0.001957,0,0,0,0,1,0,0,0.003922,0.305882,1,0,1,1,0,0,0,0,ipsweep.,null,null
0,icmp,eco_i,SF,0,0,0,0,0,0,0,0,0,0,0,0,0,0,0,0,0,0,0.001957,0.001957,0,0,0,0,1,0,0,0.003922,0.035294,1,0,1,1,0,0,0,0,ipsweep.,null,null
0.000866,tcp,telnet,SF,0.000004,0.000503,0,0,0,0.009901,0,1,0,1,0,0.005695,0.01,0.2,0.25,0,1,0,0.001957,0.001957,0,0,0,0,1,0,0,1,0.007843,0.01,0.02,0,0,0,0,0,0,xsnoop.,null,null
0,icmp,eco_i,SF,0,0,0,0,0,0,0,0,0,0,0,0,0,0,0,0,0,0,0.001957,0.001957,0,0,0,0,1,0,0,0.003922,0.047059,1,0,1,1,0,0,0,0,ipsweep.,null,null
0,icmp,eco_i,SF,0,0,0,0,0,0,0,0,0,0,0,0,0,0,0,0,0,0,0.001957,0.001957,0,0,0,0,1,0,0,0.003922,0.094118,1,0,1,1,0,0,0,0,ipsweep.,null,null
0,icmp,eco_i,SF,0,0,0,0,0,0,0,0,0,0,0,0,0,0,0,0,0,0,0.001957,0.001957,0,0,0,0,1,0,0,0.003922,0.105882,1,0,1,1,0,0,0,0,ipsweep.,null,null
0,icmp,eco_i,SF,0,0,0,0,0,0,0,0,0,0,0,0,0,0,0,0,0,0,0.001957,0.001957,0,0,0,0,1,0,0,0.003922,0.113725,1,0,1,1,0,0,0,0,ipsweep.,null,null
0,udp,domain_u,SF,0.000001,0.000008,0,0,0,0,0,0,0,0,0,0,0,0,0,0,0,0,0.021526,0.035225,0,0,0,0,1,0,0.17,0.4,0.247059,0.62,0.04,0.01,0,0,0,0,0,normal.,null,null
0,icmp,eco_i,SF,0,0,0,0,0,0,0,0,0,0,0,0,0,0,0,0,0,0,0.001957,0.001957,0,0,0,0,1,0,0,0.003922,0.164706,1,0,1,1,0,0,0,0,ipsweep.,null,null
0,icmp,eco_i,SF,0,0,0,0,0,0,0,0,0,0,0,0,0,0,0,0,0,0,0.001957,0.001957,0,0,0,0,1,0,0,0.003922,0.192157,1,0,1,1,0,0,0,0,ipsweep.,null,null
0,udp,domain_u,SF,0.000001,0.000008,0,0,0,0,0,0,0,0,0,0,0,0,0,0,0,0,0.013699,0.021526,0,0,0,0,1,0,0.18,0.431373,0.266667,0.62,0.04,0.01,0,0,0,0,0,normal.,null,null
0,icmp,eco_i,SF,0,0,0,0,0,0,0,0,0,0,0,0,0,0,0,0,0,0,0.001957,0.001957,0,0,0,0,1,0,0,0.003922,0.066667,1,0,1,1,0,0,0,0,ipsweep.,null,null
0,icmp,eco_i,SF,0,0,0,0,0,0,0,0,0,0,0,0,0,0,0,0,0,0,0.001957,0.001957,0,0,0,0,1,0,0,0.003922,0.078431,1,0,1,1,0,0,0,0,ipsweep.,null,null
0,icmp,eco_i,SF,0,0,0,0,0,0,0,0,0,0,0,0,0,0,0,0,0,0,0.001957,0.001957,0,0,0,0,1,0,0,0.003922,0.086275,1,0,1,1,0,0,0,0,ipsweep.,null,null
0.048202,udp,other,SF,0.000002,0.00002,0,0,0,0,0,0,0,0,0,0,0,0,0,0,0,0,0.001957,0.001957,0,0,0,0,1,0,0,0.192157,0.023529,0.12,0.08,1,0,0,0,0,0,snmpgetattack.,null,null
0,udp,domain_u,SF,0.000001,0.000008,0,0,0,0,0,0,0,0,0,0,0,0,0,0,0,0,0.003914,0.005871,0,0,0,0,1,0,0.67,0.490196,0.321569,0.66,0.03,0.01,0,0,0,0,0,normal.,null,null
0,icmp,eco_i,SF,0,0,0,0,0,0,0,0,0,0,0,0,0,0,0,0,0,0,0.001957,0.001957,0,0,0,0,1,0,0,0.003922,0.019608,1,0,1,1,0,0,0,0,ipsweep.,null,null
0,icmp,eco_i,SF,0,0,0,0,0,0,0,0,0,0,0,0,0,0,0,0,0,0,0.001957,0.001957,0,0,0,0,1,0,0,0.003922,0.031373,1,0,1,1,0,0,0,0,ipsweep.,null,null
0,udp,domain_u,SF,0.000001,0.000008,0,0,0,0,0,0,0,0,0,0,0,0,0,0,0,0,0.017613,0.02544,0,0,0,0,1,0,0.15,0.521569,0.352941,0.68,0.03,0.02,0,0,0,0,0,normal.,null,null
0,tcp,smtp,SF,0.000031,0.000074,0,0,0,0,0,1,0,0,0,0,0,0,0,0,0,0,0.001957,0.003914,0,0,0,0,1,0,1,1,0.011765,0.01,0.02,0,0,0,0,0.01,0,normal.,null,null
0,icmp,eco_i,SF,0,0,0,0,0,0,0,0,0,0,0,0,0,0,0,0,0,0,0.001957,0.001957,0,0,0,0,1,0,0,0.003922,0.070588,1,0,1,1,0,0,0,0,ipsweep.,null,null
0,icmp,eco_i,SF,0,0,0,0,0,0,0,0,0,0,0,0,0,0,0,0,0,0,0.001957,0.001957,0,0,0,0,1,0,0,0.003922,0.152941,1,0,1,1,0,0,0,0,ipsweep.,null,null
0,icmp,eco_i,SF,0,0,0,0,0,0,0,0,0,0,0,0,0,0,0,0,0,0,0.001957,0.001957,0,0,0,0,1,0,0,0.003922,0.160784,1,0,1,1,0,0,0,0,ipsweep.,null,null
0,icmp,eco_i,SF,0,0,0,0,0,0,0,0,0,0,0,0,0,0,0,0,0,0,0.001957,0.001957,0,0,0,0,1,0,0,0.003922,0.043137,1,0,1,1,0,0,0,0,ipsweep.,null,null
0,icmp,eco_i,SF,0,0,0,0,0,0,0,0,0,0,0,0,0,0,0,0,0,0,0.001957,0.001957,0,0,0,0,1,0,0,0.003922,0.015686,1,0,1,1,0,0,0,0,ipsweep.,null,null
0,tcp,domain,REJ,0,0,0,0,0,0,0,0,0,0,0,0,0,0,0,0,0,0,0.001957,0.001957,0,0,1,1,1,0,0,0.003922,0.003922,1,0,1,0,0,0,1,1,named.,null,null
0.015577,tcp,domain,RSTO,0.000025,0,0,0,0,0,0,0,0,0,0,0,0,0,0,0,0,0,0.001957,0.001957,0,0,1,1,1,0,0,0.007843,0.007843,1,0,0.5,0,0,0,1,1,named.,null,null
0.004799,tcp,X11,SF,0.000982,0.007035,0,0,0,0,0,0,0,0,0,0,0,0,0,0,0,0,0.001957,0.001957,0,0,0,0,1,0,0,0.027451,0.003922,0.14,0.29,0.14,0,0,0,0,0,named.,null,null
0.000381,tcp,ftp,SF,0.000002,0.000111,0,0,0,0.019802,0,1,0,0,0,0,0,0,0,0,1,0,0.001957,0.001957,0,0,0,0,1,0,0,0.031373,0.003922,0.12,0.38,0.12,0,0,0,0,0,named.,null,null
0,tcp,auth,SF,0,0.000007,0,0,0,0,0,0,0,0,0,0,0,0,0,0,0,0,0.001957,0.001957,0,0,0,0,1,0,0,0.160784,0.019608,0.05,0.41,0.02,0.4,0.02,0,0,0,normal.,null,null
0,tcp,ftp_data,SF,0.002221,0,0,0,0,0,0,0,0,0,0,0,0,0,0,0,0,0,0.001957,0.001957,0,0,0,0,1,0,0,0.011765,0.003922,0.33,0.67,0.33,0,0,0,0.67,0,named.,null,null
0,tcp,ftp_data,SF,0.000008,0,0,0,0,0,0,0,0,0,0,0,0,0,0,0,0,0,0.003914,0.003914,0,0,0,0,1,0,0,0.015686,0.007843,0.5,0.5,0.5,0,0,0,0.5,0,named.,null,null
0,icmp,eco_i,SF,0,0,0,0,0,0,0,0,0,0,0,0,0,0,0,0,0,0,0.001957,0.001957,0,0,0,0,1,0,0,0.003922,0.180392,1,0,1,1,0,0,0,0,ipsweep.,null,null
0,icmp,eco_i,SF,0,0,0,0,0,0,0,0,0,0,0,0,0,0,0,0,0,0,0.001957,0.001957,0,0,0,0,1,0,0,0.003922,0.211765,1,0,1,1,0,0,0,0,ipsweep.,null,null
0,icmp,eco_i,SF,0,0,0,0,0,0,0,0,0,0,0,0,0,0,0,0,0,0,0.001957,0.001957,0,0,0,0,1,0,0,0.003922,0.227451,1,0,1,1,0,0,0,0,ipsweep.,null,null
0,icmp,eco_i,SF,0,0,0,0,0,0,0,0,0,0,0,0,0,0,0,0,0,0,0.001957,0.001957,0,0,0,0,1,0,0,0.003922,0.321569,1,0,1,1,0,0,0,0,ipsweep.,null,null
0,icmp,eco_i,SF,0,0,0,0,0,0,0,0,0,0,0,0,0,0,0,0,0,0,0.001957,0.001957,0,0,0,0,1,0,0,0.003922,0.2,1,0,1,1,0,0,0,0,ipsweep.,null,null
0,tcp,ftp_data,SF,0.000003,0,0,0,0,0,0,0,0,0,0,0,0,0,0,0,0,0,0.003914,0.005871,0,0,0,0,1,0,0.67,0.043137,0.294118,0.36,0.27,0.36,0.03,0,0,0,0,normal.,null,null
0,icmp,eco_i,SF,0,0,0,0,0,0,0,0,0,0,0,0,0,0,0,0,0,0,0.001957,0.001957,0,0,0,0,1,0,0,0.003922,0.258824,1,0,1,1,0,0,0,0,ipsweep.,null,null
0,tcp,other,SF,0,0,0,0,0,0,0,0,0,0,0,0,0,0,0,0,0,0,0.001957,0.001957,0,0,0,0,1,0,0,0.019608,0.003922,0.2,0.6,0.2,0,0,0,0.4,0,named.,null,null
0,tcp,other,SF,0,0,0,0,0,0,0,0,0,0,0,0,0,0,0,0,0,0,0.001957,0.001957,0,0,0,0,1,0,0,0.023529,0.007843,0.33,0.5,0.17,0,0,0,0.33,0,named.,null,null
0,icmp,eco_i,SF,0,0,0,0,0,0,0,0,0,0,0,0,0,0,0,0,0,0,0.001957,0.001957,0,0,0,0,1,0,0,0.003922,0.317647,1,0,1,1,0,0,0,0,ipsweep.,null,null
0,icmp,eco_i,SF,0,0,0,0,0,0,0,0,0,0,0,0,0,0,0,0,0,0,0.001957,0.001957,0,0,0,0,1,0,0,0.003922,0.4,1,0,1,1,0,0,0,0,ipsweep.,null,null
0,icmp,eco_i,SF,0,0,0,0,0,0,0,0,0,0,0,0,0,0,0,0,0,0,0.001957,0.001957,0,0,0,0,1,0,0,0.003922,0.411765,1,0,1,1,0,0,0,0,ipsweep.,null,null
0,icmp,eco_i,SF,0,0,0,0,0,0,0,0,0,0,0,0,0,0,0,0,0,0,0.001957,0.001957,0,0,0,0,1,0,0,0.003922,0.431373,1,0,1,1,0,0,0,0,ipsweep.,null,null
0,icmp,eco_i,SF,0,0,0,0,0,0,0,0,0,0,0,0,0,0,0,0,0,0,0.001957,0.001957,0,0,0,0,1,0,0,0.003922,0.443137,1,0,1,1,0,0,0,0,ipsweep.,null,null
0,icmp,eco_i,SF,0,0,0,0,0,0,0,0,0,0,0,0,0,0,0,0,0,0,0.001957,0.001957,0,0,0,0,1,0,0,0.003922,0.462745,1,0,1,1,0,0,0,0,ipsweep.,null,null
0,icmp,eco_i,SF,0,0,0,0,0,0,0,0,0,0,0,0,0,0,0,0,0,0,0.001957,0.001957,0,0,0,0,1,0,0,0.003922,0.14902,1,0,1,1,0,0,0,0,ipsweep.,null,null
0,icmp,eco_i,SF,0,0,0,0,0,0,0,0,0,0,0,0,0,0,0,0,0,0,0.001957,0.001957,0,0,0,0,1,0,0,0.003922,0.156863,1,0,1,1,0,0,0,0,ipsweep.,null,null
0,icmp,eco_i,SF,0,0,0,0,0,0,0,0,0,0,0,0,0,0,0,0,0,0,0.001957,0.001957,0,0,0,0,1,0,0,0.003922,0.176471,1,0,1,1,0,0,0,0,ipsweep.,null,null
0,icmp,ecr_i,SF,0,0,0,0,0,0,0,0,0,0,0,0,0,0,0,0,0,0,0.001957,0.001957,0,0,0,0,1,0,0,0.278431,0.278431,1,0,1,0,0,0,0,0,normal.,null,null
0,icmp,eco_i,SF,0,0,0,0,0,0,0,0,0,0,0,0,0,0,0,0,0,0,0.001957,0.001957,0,0,0,0,1,0,0,0.003922,0.219608,1,0,1,1,0,0,0,0,ipsweep.,null,null
0,udp,domain_u,SF,0.000001,0.000008,0,0,0,0,0,0,0,0,0,0,0,0,0,0,0,0,0.003914,0.005871,0,0,0,0,1,0,0.67,0.709804,0.537255,0.76,0.02,0.01,0,0,0,0,0,normal.,null,null
0,icmp,eco_i,SF,0,0,0,0,0,0,0,0,0,0,0,0,0,0,0,0,0,0,0.001957,0.001957,0,0,0,0,1,0,0,0.003922,0.309804,1,0,1,1,0,0,0,0,ipsweep.,null,null
0,icmp,eco_i,SF,0,0,0,0,0,0,0,0,0,0,0,0,0,0,0,0,0,0,0.001957,0.001957,0,0,0,0,1,0,0,0.003922,0.372549,1,0,1,1,0,0,0,0,ipsweep.,null,null
0,icmp,eco_i,SF,0,0,0,0,0,0,0,0,0,0,0,0,0,0,0,0,0,0,0.001957,0.001957,0,0,0,0,1,0,0,0.003922,0.388235,1,0,1,1,0,0,0,0,ipsweep.,null,null
0,udp,domain_u,SF,0.000001,0.000008,0,0,0,0,0,0,0,0,0,0,0,0,0,0,0,0,0.015656,0.027397,0,0,0,0,1,0,0.14,0.768627,0.596078,0.78,0.02,0.01,0,0,0,0,0,normal.,null,null
0,tcp,http,SF,0.000003,0.000272,0,0,0,0,0,1,0,0,0,0,0,0,0,0,0,0,0.001957,0.001957,0,0,0,0,1,0,0,0.003922,0.003922,1,0,1,0,0,0,0,0,normal.,null,null
0,icmp,eco_i,SF,0,0,0,0,0,0,0,0,0,0,0,0,0,0,0,0,0,0,0.001957,0.001957,0,0,0,0,1,0,0,0.003922,0.141176,1,0,1,1,0,0,0,0,ipsweep.,null,null
0,tcp,smtp,SF,0.000097,0.000064,0,0,0,0,0,1,0,0,0,0,0,0,0,0,0,0,0.001957,0.011742,0,0,0,0,1,0,0.83,0.462745,0.082353,0.18,0.07,0.01,0,0,0,0.01,0.05,normal.,null,null
0,udp,domain_u,SF,0.000001,0.000008,0,0,0,0,0,0,0,0,0,0,0,0,0,0,0,0,0.019569,0.035225,0,0,0,0,1,0,0.22,0.827451,0.654902,0.79,0.02,0,0,0,0,0,0,normal.,null,null
0,udp,domain_u,SF,0.000001,0.000008,0,0,0,0,0,0,0,0,0,0,0,0,0,0,0,0,0.021526,0.035225,0,0,0,0,1,0,0.17,0.878431,0.698039,0.79,0.02,0,0,0,0,0,0,normal.,null,null
0,udp,domain_u,SF,0.000001,0.000008,0,0,0,0,0,0,0,0,0,0,0,0,0,0,0,0,0.023483,0.033268,0,0,0,0,1,0,0.12,0.909804,0.729412,0.8,0.02,0.01,0,0,0,0,0,normal.,null,null
0,icmp,eco_i,SF,0,0,0,0,0,0,0,0,0,0,0,0,0,0,0,0,0,0,0.001957,0.001957,0,0,0,0,1,0,0,0.003922,0.196078,1,0,1,1,0,0,0,0,ipsweep.,null,null
0,tcp,auth,SF,0,0.000007,0,0,0,0,0,0,0,0,0,0,0,0,0,0,0,0,0.001957,0.001957,0,0,0,0,1,0,0,0.219608,0.019608,0.05,0.3,0.02,0.4,0.02,0,0,0,normal.,null,null
0,udp,domain_u,SF,0.000001,0.000008,0,0,0,0,0,0,0,0,0,0,0,0,0,0,0,0,0.031311,0.041096,0,0,0,0,1,0,0.1,0.929412,0.74902,0.81,0.02,0,0,0,0,0,0,normal.,null,null
0,udp,domain_u,SF,0.000001,0.000008,0,0,0,0,0,0,0,0,0,0,0,0,0,0,0,0,0.013699,0.02544,0,0,0,0,1,0,0.23,0.94902,0.768627,0.81,0.02,0,0,0,0,0,0,normal.,null,null
0,icmp,eco_i,SF,0,0,0,0,0,0,0,0,0,0,0,0,0,0,0,0,0,0,0.001957,0.001957,0,0,0,0,1,0,0,0.003922,0.05098,1,0,1,1,0,0,0,0,ipsweep.,null,null
0,icmp,eco_i,SF,0,0,0,0,0,0,0,0,0,0,0,0,0,0,0,0,0,0,0.001957,0.001957,0,0,0,0,1,0,0,0.003922,0.168627,1,0,1,1,0,0,0,0,ipsweep.,null,null
0.030772,tcp,telnet,SF,0.000049,0.010559,0,0,0,0.148515,0.25,1,0.017588,1,0,0.029613,0.05,0,1,0,0,0,0.001957,0.001957,0,0,0,0,1,0,0,0.035294,0.007843,0.11,0.44,0.11,1,0,0,0,0,multihop.,null,null
0,icmp,eco_i,SF,0,0,0,0,0,0,0,0,0,0,0,0,0,0,0,0,0,0,0.001957,0.001957,0,0,0,0,1,0,0,0.003922,0.090196,1,0,1,1,0,0,0,0,ipsweep.,null,null
0,tcp,finger,SF,0,0.00004,0,0,0,0,0,0,0,0,0,0,0,0,0,0,0,0,0.001957,0.001957,0,0,0,0,1,0,0,1,0.003922,0,0.03,0,0,0,0,0.01,0,normal.,null,null
0,icmp,eco_i,SF,0,0,0,0,0,0,0,0,0,0,0,0,0,0,0,0,0,0,0.001957,0.001957,0,0,0,0,1,0,0,0.003922,0.129412,1,0,1,1,0,0,0,0,ipsweep.,null,null
0,tcp,auth,SF,0,0.000007,0,0,0,0,0,0,0,0,0,0,0,0,0,0,0,0,0.001957,0.001957,0,0,0,0,1,0,0,0.090196,0.007843,0.09,0.17,0.04,0,0,0,0,0,normal.,null,null
0,icmp,eco_i,SF,0,0,0,0,0,0,0,0,0,0,0,0,0,0,0,0,0,0,0.001957,0.001957,0,0,0,0,1,0,0,0.003922,0.203922,1,0,1,1,0,0,0,0,ipsweep.,null,null
0.000017,tcp,ftp_data,SF,0.000003,0,0,0,0,0,0,0,0,0,0,0,0,0,0,0,0,0,0.001957,0.001957,0,0,0,0,1,0,0,1,0.003922,0,0.02,0,0,0,0,0,0,normal.,null,null
0,tcp,ftp_data,SF,0.000076,0,0,0,0,0,0,0,0,0,0,0,0,0,0,0,0,0,0.015656,0.015656,0,0,0,0,1,0,0,1,0.035294,0.04,0.02,0.04,0,0,0,0,0,normal.,null,null
0.000017,tcp,ftp_data,SF,0.000185,0,0,0,0,0,0,0,0,0,0,0,0,0,0,0,0,0,0.003914,0.003914,0,0,0,0,1,0,0,1,0.047059,0.05,0.02,0.05,0,0,0,0,0,normal.,null,null
0,udp,domain_u,SF,0,0,0,0,0,0,0,0,0,0,0,0,0,0,0,0,0,0,0.001957,0.003914,0,0,0,0,1,0,1,0.113725,0.023529,0.21,0.1,0.21,0,0,0,0.07,0,normal.,null,null
0,icmp,eco_i,SF,0,0,0,0,0,0,0,0,0,0,0,0,0,0,0,0,0,0,0.001957,0.001957,0,0,0,0,1,0,0,0.003922,0.247059,1,0,1,1,0,0,0,0,ipsweep.,null,null
0,icmp,eco_i,SF,0,0,0,0,0,0,0,0,0,0,0,0,0,0,0,0,0,0,0.001957,0.001957,0,0,0,0,1,0,0,0.003922,0.254902,1,0,1,1,0,0,0,0,ipsweep.,null,null
0,icmp,eco_i,SF,0,0,0,0,0,0,0,0,0,0,0,0,0,0,0,0,0,0,0.001957,0.001957,0,0,0,0,1,0,0,0.003922,0.023529,1,0,1,1,0,0,0,0,ipsweep.,null,null
0,icmp,eco_i,SF,0,0,0,0,0,0,0,0,0,0,0,0,0,0,0,0,0,0,0.001957,0.001957,0,0,0,0,1,0,0,0.003922,0.054902,1,0,1,1,0,0,0,0,ipsweep.,null,null
0,icmp,ecr_i,SF,0.000016,0,0,0,0,0,0,0,0,0,0,0,0,0,0,0,0,0,0.998043,0.998043,0,0,0,0,1,0,0,1,0.082353,0.08,0.02,0.09,0,0,0,0,0,smurf.,null,null
0,icmp,ecr_i,SF,0.000016,0,0,0,0,0,0,0,0,0,0,0,0,0,0,0,0,0,1,1,0,0,0,0,1,0,0,1,0.062745,0.06,0.02,0.07,0,0,0,0,0,smurf.,null,null
0,icmp,ecr_i,SF,0.000016,0,0,0,0,0,0,0,0,0,0,0,0,0,0,0,0,0,0.011742,0.011742,0,0,0,0,1,0,0,1,0.713725,0.71,0.02,0.72,0,0,0,0,0,smurf.,null,null
0,icmp,eco_i,SF,0,0,0,0,0,0,0,0,0,0,0,0,0,0,0,0,0,0,0.001957,0.001957,0,0,0,0,1,0,0,0.003922,0.101961,1,0,1,1,0,0,0,0,ipsweep.,null,null
0,icmp,eco_i,SF,0,0,0,0,0,0,0,0,0,0,0,0,0,0,0,0,0,0,0.001957,0.001957,0,0,0,0,1,0,0,0.003922,0.215686,1,0,1,1,0,0,0,0,ipsweep.,null,null
0.00227,tcp,telnet,SF,0.000003,0.00298,0,0,0,0,0,0,0,0,0,0,0,0,0,0,0,0,0.001957,0.001957,0,0,0,0,1,0,0,0.137255,0.003922,0.03,0.14,0.03,0,0,0,0,0,normal.,null,null
0,icmp,eco_i,SF,0,0,0,0,0,0,0,0,0,0,0,0,0,0,0,0,0,0,0.001957,0.001957,0,0,0,0,1,0,0,0.003922,0.262745,1,0,1,1,0,0,0,0,ipsweep.,null,null
0,tcp,ftp_data,SF,0.000011,0,0,0,0,0,0,0,0,0,0,0,0,0,0,0,0,0,0.001957,0.001957,0,0,0,0,1,0,0,0.156863,0.309804,0.3,0.1,0.3,0.03,0,0,0.1,0,normal.,null,null
0,icmp,eco_i,SF,0,0,0,0,0,0,0,0,0,0,0,0,0,0,0,0,0,0,0.001957,0.001957,0,0,0,0,1,0,0,0.003922,0.337255,1,0,1,1,0,0,0,0,ipsweep.,null,null
0,icmp,eco_i,SF,0,0,0,0,0,0,0,0,0,0,0,0,0,0,0,0,0,0,0.001957,0.001957,0,0,0,0,1,0,0,0.003922,0.34902,1,0,1,1,0,0,0,0,ipsweep.,null,null
0.00071,tcp,ftp,SF,0.000003,0.000115,0,0,0,0.029703,0,1,0,0,0,0,0,0,0,0,1,0,0.001957,0.001957,0,0,0,0,1,0,0,0.003922,0.003922,1,0,1,0,0,0,0,0,multihop.,null,null
0,tcp,ftp_data,SF,0.000258,0,0,0,0,0,0,0,0,0,0,0,0,0,0,0,0,0,0.001957,0.001957,0,0,0,0,1,0,0,1,0.003922,0,0.01,0,0,0,0,0,0,multihop.,null,null
0.000035,tcp,smtp,SF,0.000071,0.000216,0,0,0,0,0,1,0,0,0,0.001139,0,0,0.25,0,0,0,0.001957,0.001957,0,0,0,0,1,0,0,1,0.003922,0,0.01,0,0,0,0,0,0,sendmail.,null,null
0,tcp,auth,SF,0,0.000007,0,0,0,0,0,0,0,0,0,0,0,0,0,0,0,0,0.001957,0.001957,0,0,0,0,1,0,0,0.196078,0.003922,0.02,0.1,0.02,0,0,0,0,0,sendmail.,null,null
0.000208,tcp,telnet,SF,0.000002,0.000058,0,0,0,0,1,0,0,0,0,0,0,0,0,0,0,0,0.001957,0.001957,0,0,0,0,1,0,0,1,0.003922,0,0.02,0,0,0,0,0,0,sendmail.,null,null
0,udp,domain_u,SF,0,0.000003,0,0,0,0,0,0,0,0,0,0,0,0,0,0,0,0,0.001957,0.001957,0,0,0,0,1,0,0,0.003922,0.007843,1,0,1,1,0,0,0,0,normal.,null,null
0.000052,tcp,pop_3,SF,0.000001,0.000045,0,0,0,0,0,1,0,0,0,0,0,0,0,0,0,0,0.001957,0.001957,0,0,0,0,1,0,0,1,0.007843,0.01,0.02,0,0,0,0,0,0,guess_passwd.,null,null
0,tcp,ftp_data,SF,0.00001,0,0,0,0,0,0,0,0,0,0,0,0,0,0,0,0,0,0.003914,0.003914,0,0,0,0,1,0,0,0.164706,0.027451,0.17,0.12,0.17,0,0,0,0,0,normal.,null,null
0,tcp,time,SF,0,0.000001,0,0,0,0,0,0,0,0,0,0,0,0,0,0,0,0,0.001957,0.001957,0,0,0,0,1,0,0,0.019608,0.019608,1,0,0.2,0,0,0,0,0,normal.,null,null
0,tcp,pop_3,SF,0.000001,0.000045,0,0,0,0,0,1,0,0,0,0,0,0,0,0,0,0,0.001957,0.001957,0,0,0,0,1,0,0,1,0.011765,0.01,0.02,0,0,0,0,0,0,guess_passwd.,null,null
0,tcp,private,S0,0,0,0,0,0,0,0,0,0,0,0,0,0,0,0,0,0,0,0.088063,0.001957,0.24,1,0.76,0,0.02,1,0,1,0.003922,0,0.13,0,0,0.05,1,0.07,0,saint.,null,null
0,tcp,finger,SF,0,0.000008,0,0,0,0,0,0,0,0,0,0,0,0,0,0,0,0,0.005871,0.005871,0,0,0,0,1,0,0,1,0.019608,0.02,0.98,0,0,0.06,0,0.92,0,saint.,null,null
0,udp,private,SF,0,0,0,0,0,0,0,0,0,0,0,0,0,0,0,0,0,0,0.011742,0.003914,0,0,0,0,0.33,0.5,0,1,0.007843,0.01,0.97,0.02,0,0.06,0,0.89,0,normal.,null,null
0,udp,private,SF,0,0,0,0,0,0,0,0,0,0,0,0,0,0,0,0,0,0,0.017613,0.001957,0,0,0,0,0.11,0.56,0,1,0.003922,0,0.95,0.05,0,0.04,0,0.88,0,normal.,null,null
0,udp,private,SF,0,0,0,0,0,0,0,0,0,0,0,0,0,0,0,0,0,0,0.019569,0.017613,0,0,0,0,0.9,0.2,0,1,0.035294,0.04,0.91,0.1,0,0.04,0,0.84,0,saint.,null,null
0,udp,private,SF,0,0,0,0,0,0,0,0,0,0,0,0,0,0,0,0,0,0,0.02544,0.023483,0,0,0,0,0.92,0.15,0,1,0.090196,0.09,0.85,0.16,0,0.04,0,0.77,0,normal.,null,null
0,udp,private,SF,0,0,0,0,0,0,0,0,0,0,0,0,0,0,0,0,0,0,0.033268,0.011742,0,0,0,0,0.35,0.24,0,1,0.023529,0.02,0.8,0.21,0,0.04,0,0.72,0,normal.,null,null
0,udp,private,SF,0,0,0,0,0,0,0,0,0,0,0,0,0,0,0,0,0,0,0.029354,0.027397,0,0,0,0,0.93,0.13,0,1,0.058824,0.06,0.76,0.25,0,0.03,0,0.69,0,normal.,null,null
0,udp,private,SF,0,0,0,0,0,0,0,0,0,0,0,0,0,0,0,0,0,0,0.035225,0.031311,0,0,0,0,0.89,0.11,0,1,0.086275,0.09,0.73,0.28,0,0.03,0,0.66,0,normal.,null,null
0,udp,private,SF,0,0.000005,0,0,0,0,0,0,0,0,0,0,0,0,0,0,0,0,0.029354,0.007828,0,0,0,0,0.27,0.4,0,1,0.015686,0.02,0.69,0.35,0,0.03,0,0.6,0,normal.,null,null
0,udp,private,SF,0,0.000005,0,0,0,0,0,0,0,0,0,0,0,0,0,0,0,0,0.02544,0.023483,0,0,0,0,0.92,0.15,0,1,0.05098,0.05,0.65,0.38,0,0.03,0,0.56,0,normal.,null,null
0,udp,private,SF,0,0.000005,0,0,0,0,0,0,0,0,0,0,0,0,0,0,0,0,0.035225,0.031311,0,0,0,0,0.89,0.11,0,1,0.086275,0.09,0.61,0.42,0,0.02,0,0.53,0,normal.,null,null
0,udp,private,SF,0,0.000005,0,0,0,0,0,0,0,0,0,0,0,0,0,0,0,0,0.033268,0.031311,0,0,0,0,0.94,0.12,0,1,0.105882,0.11,0.59,0.44,0,0.01,0,0.52,0,normal.,null,null
0,udp,private,SF,0,0,0,0,0,0,0,0,0,0,0,0,0,0,0,0,0,0,0.033268,0.005871,0,0,0,0,0.18,0.29,0,1,0.011765,0.01,0.57,0.47,0,0.01,0,0.49,0,normal.,null,null
0,udp,private,SF,0,0.000014,0,0,0,0,0,0,0,0,0,0,0,0,0,0,0,0,0.023483,0.001957,0,0,0,0,0.08,0.42,0,1,0.003922,0,0.55,0.5,0,0.01,0,0.45,0,saint.,null,null
0,udp,private,SF,0,0.000014,0,0,0,0,0,0,0,0,0,0,0,0,0,0,0,0,0.027397,0.015656,0,0,0,0,0.57,0.21,0,1,0.031373,0.03,0.52,0.53,0,0.01,0,0.42,0,normal.,null,null
0,udp,private,SF,0,0.000014,0,0,0,0,0,0,0,0,0,0,0,0,0,0,0,0,0.027397,0.02544,0,0,0,0,0.93,0.14,0,1,0.066667,0.07,0.48,0.57,0,0.01,0,0.38,0,normal.,null,null
0,udp,private,SF,0,0.000014,0,0,0,0,0,0,0,0,0,0,0,0,0,0,0,0,0.023483,0.021526,0,0,0,0,0.92,0.17,0,1,0.07451,0.07,0.47,0.58,0,0.01,0,0.37,0,normal.,null,null
0,udp,private,SF,0,0.000014,0,0,0,0,0,0,0,0,0,0,0,0,0,0,0,0,0.02544,0.021526,0,0,0,0,0.85,0.15,0,1,0.094118,0.09,0.45,0.61,0,0,0,0.36,0,normal.,null,null
0,udp,private,SF,0,0,0,0,0,0,0,0,0,0,0,0,0,0,0,0,0,0,0.037182,0.007828,0,0,0,0,0.21,0.21,0,1,0.015686,0.02,0.41,0.65,0,0,0,0.32,0,normal.,null,null
0,udp,private,SF,0,0,0,0,0,0,0,0,0,0,0,0,0,0,0,0,0,0,0.02544,0.001957,0,0,0,0,0.08,0.46,0,1,0.003922,0,0.4,0.68,0,0,0,0.29,0,saint.,null,null
0,udp,private,SF,0,0,0,0,0,0,0,0,0,0,0,0,0,0,0,0,0,0,0.027397,0.005871,0,0,0,0,0.21,0.36,0,1,0.011765,0.01,0.37,0.71,0,0,0,0.26,0,saint.,null,null
0,udp,private,SF,0,0,0,0,0,0,0,0,0,0,0,0,0,0,0,0,0,0,0.017613,0.001957,0,0,0,0,0.11,0.56,0,1,0.003922,0,0.36,0.73,0,0,0,0.24,0,normal.,null,null
0,udp,private,SF,0,0,0,0,0,0,0,0,0,0,0,0,0,0,0,0,0,0,0.017613,0.001957,0,0,0,0,0.11,0.56,0,1,0.003922,0,0.32,0.8,0,0,0,0.16,0,saint.,null,null
0,udp,private,SF,0,0.000001,0,0,0,0,0,0,0,0,0,0,0,0,0,0,0,0,0.017613,0.013699,0,0,0,0,0.78,0.22,0,1,0.027451,0.03,0.29,0.84,0,0,0,0.13,0,normal.,null,null
0,udp,private,SF,0,0.000001,0,0,0,0,0,0,0,0,0,0,0,0,0,0,0,0,0.027397,0.023483,0,0,0,0,0.86,0.14,0,1,0.066667,0.07,0.24,0.88,0,0,0,0.09,0,normal.,null,null
0,udp,private,SF,0,0,0,0,0,0,0,0,0,0,0,0,0,0,0,0,0,0,0.019569,0.001957,0,0,0,0,0.1,0.3,0,1,0.003922,0,0.21,0.92,0,0,0,0.05,0,saint.,null,null
0,udp,private,SF,0,0,0,0,0,0,0,0,0,0,0,0,0,0,0,0,0,0,0.021526,0.001957,0,0,0,0,0.09,0.55,0,1,0.003922,0,0.18,0.96,0,0,0,0.01,0,saint.,null,null
0,udp,private,SF,0,0,0,0,0,0,0,0,0,0,0,0,0,0,0,0,0,0,0.023483,0.021526,0,0,0,0,0.92,0.17,0,1,0.043137,0.04,0.17,1,0,0,0,0,0,normal.,null,null
0,udp,private,SF,0,0,0,0,0,0,0,0,0,0,0,0,0,0,0,0,0,0,0.02544,0.023483,0,0,0,0,0.92,0.15,0,1,0.07451,0.07,0.16,1,0,0,0,0,0,normal.,null,null
0,udp,private,SF,0,0,0,0,0,0,0,0,0,0,0,0,0,0,0,0,0,0,0.027397,0.007828,0,0,0,0,0.29,0.21,0,1,0.015686,0.02,0.15,1,0,0,0,0,0,normal.,null,null
0,udp,private,SF,0,0,0,0,0,0,0,0,0,0,0,0,0,0,0,0,0,0,0.027397,0.007828,0,0,0,0,0.29,0.29,0,1,0.015686,0.02,0.16,1,0,0,0,0,0,normal.,null,null
0,udp,private,SF,0,0,0,0,0,0,0,0,0,0,0,0,0,0,0,0,0,0,0.011742,0.001957,0,0,0,0,0.17,0.5,0,1,0.003922,0,0.18,1,0,0,0,0,0,saint.,null,null
0,udp,domain_u,SF,0,0,0,0,0,0,0,0,0,0,0,0,0,0,0,0,0,0,0.011742,0.001957,0,0,0,0,0.17,0.67,0,1,0.003922,0,0.18,1,0,0,0,0,0,saint.,null,null
0,udp,private,SF,0,0,0,0,0,0,0,0,0,0,0,0,0,0,0,0,0,0,0.015656,0.001957,0,0,0,0,0.12,0.62,0,1,0.003922,0,0.2,1,0,0,0,0,0,saint.,null,null
0,udp,private,SF,0,0,0,0,0,0,0,0,0,0,0,0,0,0,0,0,0,0,0.019569,0.003914,0,0,0,0,0.2,0.5,0,1,0.007843,0.01,0.22,1,0,0,0,0,0,saint.,null,null
0,udp,private,SF,0,0,0,0,0,0,0,0,0,0,0,0,0,0,0,0,0,0,0.017613,0.001957,0,0,0,0,0.11,0.56,0,1,0.003922,0,0.24,1,0,0,0,0,0,normal.,null,null
0,udp,private,SF,0,0,0,0,0,0,0,0,0,0,0,0,0,0,0,0,0,0,0.021526,0.003914,0,0,0,0,0.18,0.45,0,1,0.007843,0.01,0.24,1,0,0,0,0,0,normal.,null,null
0,udp,private,SF,0,0,0,0,0,0,0,0,0,0,0,0,0,0,0,0,0,0,0.02544,0.005871,0,0,0,0,0.23,0.46,0,1,0.011765,0.01,0.25,1,0,0,0,0,0,normal.,null,null
0,udp,private,SF,0,0,0,0,0,0,0,0,0,0,0,0,0,0,0,0,0,0,0.019569,0.003914,0,0,0,0,0.2,0.4,0,1,0.007843,0.01,0.27,1,0,0,0,0,0,saint.,null,null
0,udp,private,SF,0,0,0,0,0,0,0,0,0,0,0,0,0,0,0,0,0,0,0.017613,0.001957,0,0,0,0,0.11,0.56,0,1,0.003922,0,0.27,1,0,0,0,0,0,normal.,null,null
0,udp,private,SF,0,0,0,0,0,0,0,0,0,0,0,0,0,0,0,0,0,0,0.021526,0.001957,0,0,0,0,0.09,0.45,0,1,0.003922,0,0.28,1,0,0,0,0,0,saint.,null,null
0,udp,private,SF,0,0,0,0,0,0,0,0,0,0,0,0,0,0,0,0,0,0,0.023483,0.003914,0,0,0,0,0.17,0.42,0,1,0.007843,0.01,0.29,1,0,0,0,0,0,saint.,null,null
0,udp,private,SF,0,0,0,0,0,0,0,0,0,0,0,0,0,0,0,0,0,0,0.023483,0.001957,0,0,0,0,0.08,0.5,0,1,0.003922,0,0.3,1,0,0,0,0,0,saint.,null,null
0,udp,private,SF,0,0,0,0,0,0,0,0,0,0,0,0,0,0,0,0,0,0,0.019569,0.005871,0,0,0,0,0.3,0.4,0,1,0.011765,0.01,0.3,1,0,0,0,0,0,saint.,null,null
0,udp,private,SF,0,0,0,0,0,0,0,0,0,0,0,0,0,0,0,0,0,0,0.021526,0.005871,0,0,0,0,0.27,0.45,0,1,0.011765,0.01,0.32,1,0,0,0,0,0,normal.,null,null
0,udp,other,SF,0,0,0,0,0,0,0,0,0,0,0,0,0,0,0,0,0,0,0.009785,0.001957,0,0,0,0,0.2,0.4,0,1,0.027451,0.03,0.02,0.03,0,0,0,0,0,saint.,null,null
0,udp,private,SF,0,0,0,0,0,0,0,0,0,0,0,0,0,0,0,0,0,0,0.019569,0.003914,0,0,0,0,0.2,0.5,0,1,0.007843,0.01,0.33,1,0,0,0,0,0,saint.,null,null
0,udp,private,SF,0,0,0,0,0,0,0,0,0,0,0,0,0,0,0,0,0,0,0.017613,0.001957,0,0,0,0,0.11,0.56,0,1,0.003922,0,0.34,1,0,0,0,0,0,saint.,null,null
0,udp,private,SF,0,0,0,0,0,0,0,0,0,0,0,0,0,0,0,0,0,0,0.005871,0.001957,0,0,0,0,0.33,1,0,1,0.003922,0,0.33,1,0,0,0,0,0,saint.,null,null
0,udp,private,SF,0,0,0,0,0,0,0,0,0,0,0,0,0,0,0,0,0,0,0.019569,0.001957,0,0,0,0,0.1,0.6,0,1,0.003922,0,0.34,1,0,0,0,0,0,saint.,null,null
0.00104,tcp,telnet,SF,0.000002,0.000034,0,0,0,0,0.25,0,0,0,0,0,0,0,0,0,0,0,0.001957,0.001957,0,0,0,0,1,0,0,1,0.007843,0.01,0.02,0,0,0,0,0,0,normal.,null,null
0,udp,private,SF,0,0,0,0,0,0,0,0,0,0,0,0,0,0,0,0,0,0,0.023483,0.001957,0,0,0,0,0.08,0.25,0,1,0.003922,0,0.35,1,0,0,0,0,0,saint.,null,null
0,udp,other,SF,0,0,0,0,0,0,0,0,0,0,0,0,0,0,0,0,0,0,0.001957,0.001957,0,0,0,0,1,0,0,1,0.066667,0.07,0.02,0.07,0,0,0,0,0,saint.,null,null
0,udp,other,SF,0,0,0,0,0,0,0,0,0,0,0,0,0,0,0,0,0,0,0.001957,0.001957,0,0,0,0,1,0,0,1,0.082353,0.08,0.02,0.08,0,0,0,0,0,saint.,null,null
0,udp,domain_u,SF,0,0,0,0,0,0,0,0,0,0,0,0,0,0,0,0,0,0,0.003914,0.001957,0,0,0,0,0.5,1,0,0.239216,0.035294,0.15,0.1,0.15,0,0,0,0.05,0,normal.,null,null
0,tcp,ftp_data,SF,0.000003,0,0,0,0,0,0,0,0,0,0,0,0,0,0,0,0,0,0.003914,0.005871,0,0,0,0,1,0,0.67,0.184314,0.054902,0.09,0.13,0.09,0.14,0,0,0,0,normal.,null,null
0,tcp,ftp_data,SF,0.000022,0,0,0,0,0,0,0,0,0,0,0,0,0,0,0,0,0,0.007828,0.009785,0,0,0,0,1,0,0.4,0.207843,0.078431,0.19,0.11,0.19,0.1,0,0,0,0,normal.,null,null
0,tcp,ftp_data,SF,0.000001,0,0,0,0,0,0,0,0,0,0,0,0,0,0,0,0,0,0.027397,0.027397,0,0,0,0,1,0,0,0.247059,0.117647,0.32,0.1,0.32,0.07,0,0,0,0,normal.,null,null
0,tcp,ftp_data,SF,0.000163,0,0,0,0,0,0,0,0,0,0,0,0,0,0,0,0,0,0.011742,0.046967,0,0,0,0,1,0,0.08,0.262745,0.082353,0.31,0.07,0.31,0,0,0,0,0,normal.,null,null
0.003431,tcp,telnet,SF,0.000039,0.002049,0,0,0,0.019802,0,1,0.007538,1,0,0.004556,0,0,0,0,0,0,0.001957,0.001957,0,0,0,0,1,0,0,1,0.003922,0,0.37,0,0,0,0,0,0,buffer_overflow.,null,null
0.082682,udp,other,SF,0.000002,0.00002,0,0,0,0,0,0,0,0,0,0,0,0,0,0,0,0,0.001957,0.001957,0,0,0,0,1,0,0,0.211765,0.011765,0.06,0.11,0.98,0,0,0,0,0,snmpgetattack.,null,null
0,tcp,ftp_data,SF,0.000012,0,0,0,0,0,0,0,0,0,0,0,0,0,0,0,0,0,0.003914,0.003914,0,0,0,0,1,0,0,0.211765,0.058824,0.13,0.07,0.13,0.13,0.02,0,0,0,normal.,null,null
