1,0,1,1,1,1,0.91010,1,-0.26970,1,-0.83152,1,-1,1,-1,0.72526,-1,-0.57779,-1,-0.42052,-1,-1,-0.52838,-1,0.90014,-1,1,-1,1,-1,1,-0.34686,1,0.34845,g
1,0,1,0.67784,0.81309,0.82021,0.43019,1,0.20619,0.80541,-0.43872,1,-0.79135,0.77092,-1,0.40268,-0.39046,-0.58634,-0.97907,-0.42822,-0.73083,-0.76339,-0.37671,-0.97491,0.41366,-1,0.41778,-0.93296,0.25773,-1,0.93570,-0.35222,0.98816,0.03446,g
1,0,0.97714,0.19049,0.82683,0.46259,0.71771,0.58732,0.47968,0.84278,0.31409,0.92643,0.10289,0.93945,-0.13254,0.84290,-0.32020,0.91624,-0.52145,0.79525,-0.68274,0.49508,-0.77408,0.33537,-0.85376,0.17849,-0.83314,-0.01358,-0.82366,-0.19321,-0.67289,-0.33662,-0.59943,-0.49700,g
1,0,0.86284,0.19310,0.80920,0.41149,0.67203,0.55785,0.54559,0.69962,0.36705,0.81533,0.19617,0.85671,-0.04061,0.86284,-0.17241,0.75785,-0.34100,0.65747,-0.48199,0.56092,-0.60230,0.40996,-0.59234,0.25747,-0.63038,0.08818,-0.57241,-0.07816,-0.54866,-0.19923,-0.42912,-0.31954,g
1,0,1,0.23395,0.91404,0.52013,0.78020,0.72144,0.47660,0.84222,0.27639,0.91730,0.09467,0.88248,-0.21980,0.91404,-0.34168,0.75517,-0.51360,0.64527,-0.64527,0.44614,-0.74102,0.29162,-0.70838,0.03591,-0.71731,-0.11943,-0.64962,-0.28183,-0.51251,-0.44505,-0.37432,-0.53319,g
1,0,0.89706,0.38235,0.91176,0.37500,0.74265,0.67647,0.45588,0.77941,0.19118,0.88971,-0.02206,0.86029,-0.20588,0.82353,-0.37500,0.67647,-0.5,0.47794,-0.73529,0.38235,-0.86029,0.08824,-0.74265,-0.12500,-0.67925,-0.24131,-0.55147,-0.42647,-0.44118,-0.50735,-0.28676,-0.56618,g
1,0,0.94653,0.28713,0.72554,0.67248,0.47564,0.82455,0.01267,0.89109,-0.24871,0.84475,-0.47644,0.56079,-0.75881,0.41743,-0.66455,0.07208,-0.65426,-0.19525,-0.52475,-0.44000,-0.30851,-0.55089,-0.04119,-0.64792,0.16085,-0.56420,0.36752,-0.41901,0.46059,-0.22535,0.50376,-0.05980,g
1,0,0.47090,0.22751,0.42328,0.33598,0.25661,0.47619,0.01852,0.49471,-0.02116,0.53968,-0.34127,0.31217,-0.41270,0.32540,-0.51587,0.06878,-0.5,-0.11640,-0.14815,-0.14550,-0.14815,-0.38095,-0.23280,0.00265,0.03574,-0.31739,0.15873,-0.21693,0.24868,-0.24339,0.26720,0.04233,g
1,0,1,0.63548,1,1,0.77123,1,-0.33333,1,-1,1,0,1,-1,1,-1,0,-1,-0.66667,-1,-0.92536,-1,-0.33333,-0.33333,-1,0.19235,-1,1,-1,0,-1,1,-0.66667,g
1,0,0.88804,0.38138,0.65926,0.69431,0.29148,0.87892,-0.06726,0.90135,-0.39597,0.80441,-0.64574,0.56502,-0.82960,0.26906,-0.78940,-0.08205,-0.62780,-0.30942,-0.46637,-0.55605,-0.16449,-0.64338,0.09562,-0.61055,0.30406,-0.48392,0.43227,-0.29838,0.47029,-0.09461,0.42152,0.12556,g
1,0,1,0.5,1,0.25000,0.25000,1,0.16851,0.91180,-0.13336,0.80454,-0.34107,0.60793,-0.43820,0.37856,-0.43663,0.16709,-0.36676,0.00678,-0.26477,-0.09025,-0.16178,-0.12964,-0.07782,-0.12744,-0.02089,-0.10242,0.01033,-0.07036,0.02224,-0.04142,0.02249,-0.02017,g
1,0,0.87048,0.38027,0.64099,0.69212,0.31347,0.86625,-0.03933,0.90740,-0.42173,0.79346,-0.70561,0.51560,-0.81049,0.22735,-0.81136,-0.12539,-0.67474,-0.38102,-0.38334,-0.62861,-0.13013,-0.70762,0.15552,-0.66421,0.38544,-0.51568,0.52573,-0.29897,0.56239,-0.05938,0.51460,0.16645,g
1,0,0.76627,0.21106,0.63935,0.38112,0.48409,0.52500,0.15000,0.22273,0.13753,0.59565,-0.07727,0.44545,0,0.48636,-0.27491,0.42014,-0.56136,0.36818,-0.36591,0.18864,-0.40533,0.07588,-0.38483,-0.03229,-0.33942,-0.12486,-0.27540,-0.19714,-0.19962,-0.24648,-0.11894,-0.27218,g
1,0,0.99701,0.21677,0.91966,0.47030,0.76902,0.62415,0.53312,0.78120,0.36774,0.88291,0.10107,0.83312,-0.06827,0.89274,-0.28269,0.72073,-0.43707,0.61688,-0.55769,0.48120,-0.65000,0.35534,-0.64658,0.15908,-0.66651,0.02277,-0.64872,-0.13462,-0.54615,-0.22949,-0.47201,-0.35032,g
1,0,0.94331,0.19959,0.96132,0.40803,0.80514,0.56569,0.56687,0.70830,0.41836,0.83230,0.14939,0.89489,0.05167,0.93682,-0.24742,0.83939,-0.42811,0.75554,-0.50251,0.62563,-0.65515,0.50428,-0.68851,0.30912,-0.77097,0.15619,-0.75406,-0.04399,-0.75199,-0.17921,-0.66932,-0.34367,g
1,0,0.93972,0.28082,0.80486,0.52821,0.58167,0.73151,0.34961,0.80511,0.10797,0.90403,-0.20015,0.89335,-0.39730,0.82163,-0.58835,0.62867,-0.76305,0.40368,-0.81262,0.18888,-0.81317,-0.04284,-0.75273,-0.26883,-0.63237,-0.46438,-0.46422,-0.61446,-0.26389,-0.70835,-0.08937,-0.71273,g
1,0,0.89835,0.35157,0.67333,0.62233,0.43898,0.94353,-0.03643,0.80510,-0.22838,0.75334,-0.25137,0.48816,-0.57377,0.28415,-0.66750,0.10591,-0.47359,-0.06193,-0.81056,-0.06011,-0.33197,-0.47592,-0.12897,-0.53620,0.07158,-0.51925,0.24321,-0.43478,0.36586,-0.30057,0.42805,0.13297,g
1,0,0.88116,0.27475,0.72125,0.42881,0.61559,0.63662,0.38825,0.90502,0.09831,0.96128,-0.20097,0.89200,-0.35737,0.77500,-0.65114,0.62210,-0.78768,0.45535,-0.81856,0.19095,-0.83943,-0.08079,-0.78334,-0.26356,-0.67557,-0.45511,-0.54732,-0.60858,-0.30512,-0.66700,-0.19312,-0.75597,g
1,0,0.93147,0.29282,0.79917,0.55756,0.59952,0.71596,0.26203,0.92651,0.04636,0.96748,-0.23237,0.95130,-0.55926,0.81018,-0.73329,0.62385,-0.90995,0.36200,-0.92254,0.06040,-0.93618,-0.19838,-0.83192,-0.46906,-0.65165,-0.69556,-0.41223,-0.85725,-0.13590,-0.93953,0.10007,-0.94823,g
1,0,0.88241,0.30634,0.73232,0.57816,0.34109,0.58527,0.05717,1,-0.09238,0.92118,-0.62403,0.71996,-0.69767,0.32558,-0.81422,0.41195,-1,-0.00775,-0.78973,-0.41085,-0.76901,-0.45478,-0.57242,-0.67605,-0.31610,-0.81876,-0.02979,-0.86841,0.25392,-0.82127,0.00194,-0.81686,g
1,0,0.83479,0.28993,0.69256,0.47702,0.49234,0.68381,0.21991,0.86761,-0.08096,0.85011,-0.35558,0.77681,-0.52735,0.58425,-0.70350,0.31291,-0.75821,0.03939,-0.71225,-0.15317,-0.58315,-0.39168,-0.37199,-0.52954,-0.16950,-0.60863,0.08425,-0.61488,0.25164,-0.48468,0.40591,-0.35339,g
1,0,0.92870,0.33164,0.76168,0.62349,0.49305,0.84266,0.21592,0.95193,-0.13956,0.96167,-0.47202,0.83590,-0.70747,0.65490,-0.87474,0.36750,-0.91814,0.05595,-0.89824,-0.26173,-0.73969,-0.54069,-0.50757,-0.74735,-0.22323,-0.86122,0.07810,-0.87159,0.36021,-0.78057,0.59407,-0.60270,g
1,0,0.83367,0.31456,0.65541,0.57671,0.34962,0.70677,0.17293,0.78947,-0.18976,0.79886,-0.41729,0.66541,-0.68421,0.47744,-0.74725,0.19492,-0.72180,-0.04887,-0.62030,-0.28195,-0.49165,-0.53463,-0.26577,-0.66014,-0.01530,-0.69706,0.22708,-0.64428,0.43100,-0.51206,0.64662,-0.30075,g
1,0,0.51207,1,1,0.53810,0.71178,0.80833,0.45622,0.46427,0.33081,1,0.21249,1,-0.17416,1,-0.33081,0.98722,-0.61382,1,-0.52674,0.71699,-0.88500,0.47894,-1,0.35175,-1,0.09569,-1,-0.16713,-1,-0.42226,-0.91903,-0.65557,g
1,0,0.75564,0.49638,0.83550,0.54301,0.54916,0.72063,0.35225,0.70792,0.13469,0.94749,-0.09818,0.93778,-0.37604,0.82223,-0.52742,0.71161,-0.68358,0.67989,-0.70163,0.24956,-0.79147,0.02995,-0.98988,-0.29099,-0.70352,-0.32792,-0.63312,-0.19185,-0.34131,-0.60454,-0.19609,-0.62956,g
1,0,0.83789,0.42904,0.72113,0.58385,0.45625,0.78115,0.16470,0.82732,-0.13012,0.86947,-0.46177,0.78497,-0.59435,0.52070,-0.78470,0.26529,-0.84014,0.03928,-0.62041,-0.31351,-0.47412,-0.48905,-0.37298,-0.67796,-0.05054,-0.62691,0.14690,-0.45911,0.37093,-0.39167,0.48319,-0.24313,g
1,0,0.93658,0.35107,0.75254,0.65640,0.45571,0.88576,0.15323,0.95776,-0.21775,0.96301,-0.56535,0.83397,-0.78751,0.58045,-0.93104,0.26020,-0.93641,-0.06418,-0.87028,-0.40949,-0.65079,-0.67464,-0.36799,-0.84951,-0.04578,-0.91221,0.27330,-0.85762,0.54827,-0.69613,0.74828,-0.44173,g
1,0,0.92436,0.36924,0.71976,0.68420,0.29303,0.94078,-0.11108,0.76527,-0.31605,0.92453,-0.66616,0.78766,-0.92145,0.42314,-0.94315,0.09585,-1,0.03191,-0.66431,-0.66278,-0.46010,-0.78174,-0.13486,-0.88082,0.19765,-0.85137,0.48904,-0.70247,0.69886,-0.46048,0.76066,-0.13194,g
1,0,0.79378,0.29492,0.64064,0.52312,0.41319,0.68158,0.14177,0.83548,-0.16831,0.78772,-0.42911,0.72328,-0.57165,0.41471,-0.75436,0.16755,-0.69977,-0.09856,-0.57695,-0.23503,-0.40637,-0.38287,-0.17437,-0.52540,0.01523,-0.48707,0.19030,-0.38059,0.31008,-0.23199,0.34572,-0.08036,g
1,0,0.88085,0.35232,0.68389,0.65128,0.34816,0.79784,0.05832,0.90842,-0.29784,0.86490,-0.62635,0.69590,-0.77106,0.39309,-0.85803,0.08408,-0.81641,-0.24017,-0.64579,-0.50022,-0.39766,-0.68337,-0.11147,-0.75533,0.17041,-0.71504,0.40675,-0.57649,0.56626,-0.36765,0.62765,-0.13305,g
1,0,0.89589,0.39286,0.66129,0.71804,0.29521,0.90824,-0.04787,0.94415,-0.45725,0.84605,-0.77660,0.58511,-0.92819,0.25133,-0.92282,-0.15315,-0.76064,-0.48404,-0.50931,-0.76197,-0.14895,-0.88591,0.21581,-0.85703,0.53229,-0.68593,0.74846,-0.40656,0.83142,-0.07029,0.76862,0.27926,g
1,0,0.86689,0.35950,0.72014,0.66667,0.37201,0.83049,0.08646,0.85893,-0.24118,0.86121,-0.51763,0.67577,-0.68714,0.41524,-0.77019,0.09898,-0.69397,-0.13652,-0.49488,-0.42207,-0.32537,-0.57679,-0.02844,-0.59954,0.15360,-0.53127,0.32309,-0.37088,0.46189,-0.19681,0.40956,0.01820,g
1,0,0.89563,0.37917,0.67311,0.69438,0.35916,0.88696,-0.04193,0.93345,-0.38875,0.84414,-0.67274,0.62078,-0.82680,0.30356,-0.86150,-0.05365,-0.73564,-0.34275,-0.51778,-0.62443,-0.23428,-0.73855,0.06911,-0.73856,0.33531,-0.62296,0.52414,-0.42086,0.61217,-0.17343,0.60073,0.08660,g
1,0,0.90547,0.41113,0.65354,0.74761,0.29921,0.95905,-0.13342,0.97820,-0.52236,0.83263,-0.79657,0.55086,-0.96631,0.15192,-0.93001,-0.25554,-0.71863,-0.59379,-0.41546,-0.85205,-0.02250,-0.93788,0.36318,-0.85368,0.67538,-0.61959,0.85977,-0.28123,0.88654,0.09800,0.75495,0.46301,g
1,0,0.88420,0.36724,0.67123,0.67382,0.39613,0.86399,0.02424,0.93182,-0.35148,0.83713,-0.60316,0.58842,-0.78658,0.38778,-0.83285,-0.00642,-0.69318,-0.32963,-0.52504,-0.53924,-0.27377,-0.68126,0.00806,-0.69774,0.26028,-0.60678,0.44569,-0.43383,0.54209,-0.21542,0.56286,0.02823,g
1,0,1,-0.08183,1,-0.11326,0.99246,-0.29802,1,-0.33075,0.96662,-0.34281,-0.62635,0.69590,-0.77106,0.39309,-0.85803,0.08408,-0.81641,-0.24017,-0.64579,-0.50022,-0.39766,-0.68337,-0.11147,-0.75533,0.17041,-0.71504,0.40675,-0.57649,0.56626,-0.36765,0.62765,-0.13305,{mixture}
1,0,1,0.54902,0.62745,1,0.01961,1,-0.49020,0.92157,-0.82353,0.58824,0,0,0.12292,-0.55000,0.22813,0.82813,1,-0.42292,0,0,0.08333,-1,-0.10625,-0.16667,1,-0.76667,-1,0.18854,0,0,1,-0.27292,{mixture}
1,0,1,-0.08714,1,-0.17263,0.86635,-0.81779,-0.25131,0.91993,-0.16503,0.26664,-0.63714,0.24865,-0.97650,-0.00337,-0.23227,-0.19909,-0.30522,-0.48886,-0.14426,-0.89991,0.09345,-0.28916,0.28307,-0.18560,0.39599,-0.11498,0.31005,0.05614,0.21443,0.20540,0.13376,0.26422,{mixture}
1,0,0,0,0,0,0,0,0,0,0,0,-0.47644,0.89565,-0.75881,0.41743,-0.66455,0.07208,-0.65426,-0.19525,-0.52475,-0.44000,-0.30851,-0.55089,-0.04119,-0.64792,0.16085,-0.56420,0.36752,-0.41901,0.46059,-0.22535,0.50376,-0.05980,{mixture}
1,0,0.19466,0.05725,0.04198,0.25191,-0.10557,1,0.87719,0.30921,-0.66886,1,-0.05921,0.58772,0.01754,0.05044,-0.51535,-1,0.14254,-0.03289,0.32675,-0.43860,-1,1,0.80921,-1,1,-0.06140,1,1,0.20614,-1,1,1,{mixture}
1,0,0.97467,0.13082,0.94120,0.20036,0.88783,0.32248,0.89009,0,0,0,-0.47644,0.56079,-0.75881,0.41743,-0.66455,0.07208,-0.65426,-0.19525,-0.52475,-0.44000,-0.30851,-0.55089,-0.04119,-0.64792,0.16085,-0.56420,0.36752,-0.41901,0.46059,-0.22535,0.50376,-0.05980,{mixture}
0,0,1,1,1,-1,0,-1,-1,0.56830,0.57449,0.99557,-0.02439,0.53215,-0.75881,0.41743,-0.66455,0.07208,-0.65426,-0.19525,-0.52475,-0.44000,-0.30851,-0.55089,-0.04119,-0.64792,0.16085,-0.56420,0.36752,-0.41901,0.46059,-0.22535,0.50376,-0.05980,{mixture}
1,0,0.19466,0.05725,0.04198,0.25191,-0.10557,1,0.87719,0.30921,-0.66886,1,-0.05921,0.58772,0.01754,0.05044,-0.51535,-1,0.14254,-0.03289,0.32675,-0.43860,-1,1,0.80921,-1,1,-0.06140,1,1,0.20614,-1,1,1,{mixture}
0,0,0.93537,0.13645,0.93716,0.25359,0.85705,0.38779,0.79039,0.47127,0.03649,0.36194,-0.19091,0.33636,-0.13350,0.27322,0.02727,0.40455,-0.34773,0.12727,-0.20028,0.05078,-0.18636,0.36364,-0.14003,-0.04802,-0.09971,-0.07114,-1,-1,-0.02916,-0.07464,-0.00526,-0.06314,{mixture}
1,0,-0.01864,-0.08459,0,0,0,0,0.11470,0,0,0,-0.47644,0.56079,-0.75881,0.41743,-0.66455,0.07208,-0.65426,-0.19525,-0.52475,-0.44000,-0.30851,-0.55089,-0.04119,-0.64792,0.16085,-0.56420,0.36752,-0.41901,0.46059,-0.22535,0.50376,-0.05980,{mixture}
0,0,1,1,1,0,0,0,0,1,0.66042,-1,-1,-1,-1,1,0,0,-1,-1,-1,1,0,0,1,-1,1,1,1,-1,1,1,0,0,{mixture}
1,0,1,1,-1,1,-1,-0.14375,0,0.76481,-1,1,0,0,-1,-0.23476,0.28301,-1,1,1,-0.31402,-1,-1,-1,1,-1,-1,-0.03578,1,-1,-1,-0.32317,0.14939,1,{mixture}
0,0,1,1,1,-1,1,1,-1,1,0,0,-0.19091,0.33636,-0.13350,0.27322,0.02727,0.40455,-0.34773,0.12727,-0.20028,0.05078,-0.18636,0.36364,-0.14003,-0.04802,-0.09971,-0.07114,-1,-1,-0.02916,-0.07464,-0.00526,-0.06314,{mixture}
1,0,1,0.24077,0.99815,0,0.28354,1,-1,1,-1,-1,1,1,-1,-0.23476,0.28301,-1,1,1,-0.31402,-1,-1,-1,1,-1,-1,-0.03578,1,-1,-1,-0.32317,0.14939,1,{mixture}
1,0,1,1,0,0.05031,0.57197,0.18761,0.08776,0.34081,0.63621,1,-0.81699,0.33987,-0.79085,-0.02614,-0.98039,-0.83007,-0.60131,-0.54248,-0.04575,-0.83007,0.94118,-0.94118,-1,-0.43137,0.74385,0.09176,-1,0.05229,0.18301,0.02614,-0.40201,-0.48241,{mixture}
0,0,1,1,1,1,1,-0.14375,0,0.76481,-1,1,0,0,0,0,0,0,0,0,0,0,0,0,0,0,1,-1,0,0,0,0,0,0,{mixture}
1,0,1,0.06538,1,0,0,0,0,0,0,0,-0.47644,0.56079,-0.75881,0.41743,-0.66455,0.07208,-0.65426,-0.19525,-0.52475,-0.44000,-0.30851,-0.55089,-0.04119,-0.64792,0.16085,-0.56420,0.36752,-0.41901,0.46059,-0.22535,0.50376,-0.05980,{mixture}
1,0,0.33333,-0.25000,0.44444,0.22222,0.38889,0.16667,0.41667,0.13889,0,0,-0.47644,0.56079,-0.75881,0.41743,-0.66455,0.07208,-0.65426,-0.19525,-0.52475,-0.44000,-0.30851,-0.55089,-0.04119,-0.64792,0.16085,-0.56420,0.36752,-0.41901,0.46059,-0.22535,0.50376,-0.05980,{mixture}
1,0,1,1,1,1,1,-0.14375,0,0,-1,1,1,1,0.17917,-1,-1,-1,0.08750,-1,1,-1,-1,1,-1,-1,1,-1,-1,-1,1,1,0,0,{mixture}
1,0,0.49515,0.13425,0.87001,0.31543,0.78896,1,0.87719,0.30921,-0.66886,1,-0.05921,0.58772,-0.13350,0.27322,0.02727,0.40455,-0.34773,0.12727,-0.20028,0.05078,-0.18636,0.36364,-0.14003,-0.04802,-0.09971,-0.07114,-1,-1,-0.02916,-0.07464,-0.00526,-0.06314,{mixture}
