1,0,0.94333,0.38574,0.48263,0.64534,0.21572,0.77514,-0.55941,0.64899,-0.73675,0.42048,-0.76051,0,-0.62706,-0.31079,-0.38391,-0.62157,-0.12797,-0.69287,0.49909,-0.63620,0.71481,-0.37660,0.73857,-0.05484,0.60098,0.30384,0.45521,0.60512,0.02742,0.54479,-0.21572,0.50457,g
1,0,0.85209,0.39252,0.38887,0.76432,0.08858,0.98903,-0.42625,0.88744,-0.76229,0.49980,-0.93092,0.10768,-0.85900,-0.31044,-0.66030,-0.55262,-0.19260,-0.86063,0.28444,-0.80496,0.64649,-0.35230,0.77814,-0.23324,0.71698,0.21343,0.37830,0.58310,0.19667,0.66315,-0.11215,0.64933,g
1,0,1,0.54902,0.62745,1,0.01961,1,-0.49020,0.92157,-0.82353,0.58824,-1,0.11765,-0.96078,-0.33333,-0.64706,-0.68627,-0.23529,-0.86275,0.35294,-1,0.74510,-0.72549,0.92157,-0.21569,0.92874,0.21876,0.72549,0.56863,0.23529,0.90196,-0.11765,0.90196,g
1,0,0.44444,0.44444,0.53695,0.90763,-0.22222,1,-0.33333,0.88889,-1,0.33333,-1,-0.11111,-1,-0.22222,-0.66667,-0.77778,0.55556,-1,-0.22222,-0.77778,0.77778,-0.22222,0.33333,0,0.92120,0.45019,0.57454,0.84353,0.22222,1,-0.55556,1,g
1,0,0.84177,0.43460,0.5,0.76160,0.09916,0.93460,-0.37764,0.88186,-0.72363,0.61181,-0.93882,0.19409,-0.86709,-0.25527,-0.62869,-0.65612,-0.25105,-0.85654,0.16245,-0.86498,0.51477,-0.66878,0.74895,-0.28903,0.77937,0.07933,0.64135,0.42827,0.31435,0.62447,-0.00422,0.69409,g
1,0,0.87032,0.46972,0.53945,0.82161,0.10380,0.95275,-0.38033,0.87916,-0.73939,0.58226,-0.92099,0.16731,-0.82417,-0.24942,-0.59383,-0.63342,-0.24012,-0.82881,0.18823,-0.78699,0.51557,-0.57430,0.69274,-0.24843,0.69097,0.10484,0.52798,0.39762,0.25974,0.56573,-0.06739,0.57552,g
0,0,1,-1,-1,1,-1,1,1,1,1,1,-1,-1,-1,-1,1,1,1,-1,-1,-1,-1,-1,1,0,1,-1,1,-1,-1,1,-1,1,b
1,0,0.88179,0.43491,0.59573,0.77655,0.19672,0.94537,-0.24103,0.92544,-0.62526,0.71257,-0.86443,0.33652,-0.92384,-0.05338,-0.77356,-0.44707,-0.46950,-0.73285,-0.10237,-0.82217,0.26384,-0.77570,0.55984,-0.55910,0.72147,-0.24433,0.72478,0.09599,0.58137,0.38915,0.34749,0.57656,g
1,0,0.32834,0.02520,0.15236,0.21278,0.14919,0.74003,-0.25706,0.92324,-0.10312,0.19380,-0.61352,0.25786,-0.94053,-0.05409,-0.13117,-0.14329,-0.30315,-0.44615,-0.11409,-0.85597,0.02668,-0.22786,0.27942,-0.06295,0.33737,-0.11876,0.27657,-0.11409,0.15078,0.13296,0.12197,0.20468,g
1,0,0.83427,0.39121,0.54040,0.78579,0.12326,0.89402,-0.33221,0.83578,-0.70086,0.59564,-0.86622,0.21909,-0.84442,-0.24164,-0.59714,-0.61894,-0.19354,-0.87787,0.12439,-0.89064,0.51109,-0.72454,0.79143,-0.27734,0.83008,0.08718,0.66592,0.49079,0.37542,0.70011,-0.03983,0.79444,g
1,0,1,1,0.36700,0.06158,0.12993,0.92713,-0.27586,0.93596,-0.31527,0.37685,-0.87192,0.36946,-0.92857,-0.08867,-0.38916,-0.34236,-0.46552,-0.82512,-0.05419,-0.93596,0.25616,-0.20443,0.73792,-0.45950,0.85471,-0.06831,1,1,0.38670,0.00246,0.17758,0.79790,g
1,0,1,0.51515,0.45455,0.33333,0.06061,0.36364,-0.32104,0.73062,-0.45455,0.48485,-0.57576,0,-0.57576,-0.12121,-0.33333,-0.48485,-0.09091,-0.84848,0.48485,-0.57576,0.57576,-0.42424,1,-0.39394,0.72961,0.12331,0.96970,0.57576,0.24242,0.36364,0.09091,0.33333,g
1,0,0.90147,0.41786,0.64131,0.75725,0.30440,0.95148,-0.20449,0.96534,-0.55483,0.81191,-0.81857,0.50949,-0.96986,0.10345,-0.91456,-0.31412,-0.70163,-0.65461,-0.32354,-0.88999,0.05865,-0.94172,0.44483,-0.82154,0.74105,-0.55231,0.89415,-0.18725,0.87893,0.20359,0.70555,0.54852,g
1,0,0.32789,0.11042,0.15970,0.29308,0.14020,0.74485,-0.25131,0.91993,-0.16503,0.26664,-0.63714,0.24865,-0.97650,-0.00337,-0.23227,-0.19909,-0.30522,-0.48886,-0.14426,-0.89991,0.09345,-0.28916,0.28307,-0.18560,0.39599,-0.11498,0.31005,0.05614,0.21443,0.20540,0.13376,0.26422,g
1,0,0.65845,0.43617,0.44681,0.74804,0.05319,0.85106,-0.32027,0.82139,-0.68253,0.52408,-0.84211,0.07111,-0.82811,-0.28723,-0.47032,-0.71725,-0.04759,-0.86002,0.23292,-0.76316,0.56663,-0.52128,0.74300,-0.18645,0.74758,0.23713,0.45185,0.59071,0.20549,0.76764,-0.18533,0.74356,g
0,0,1,-1,1,1,1,-1,1,1,-0.73675,0.42048,-0.76051,0,-0.62706,-0.31079,-0.38391,-0.62157,-0.12797,-0.69287,0.49909,-0.63620,0.71481,-0.37660,0.73857,-0.05484,0.60098,0.30384,0.45521,0.60512,0.02742,0.54479,-0.21572,0.50457,{mixture}
1,0,0.01667,-0.35625,0,0,0,0,0,0,0,0,-1,0.11765,-0.96078,-0.33333,-0.64706,-0.68627,-0.23529,-0.86275,0.35294,-1,0.74510,-0.72549,0.92157,-0.21569,0.92874,0.21876,0.72549,0.56863,0.23529,0.90196,-0.11765,0.90196,{mixture}
0,0,1,-1,1,1,1,-1,1,1,-0.73675,0.42048,-0.76051,0,-0.62706,-0.31079,-0.38391,-0.62157,-0.12797,-0.69287,0.49909,-0.63620,0.71481,-0.37660,0.73857,-0.05484,0.60098,0.30384,0.45521,0.60512,0.02742,0.54479,-0.21572,0.50457,{mixture}
1,0,1,1,0.36700,0.06158,0.12993,0.92713,-0.27586,0.93596,-0.31527,0.37685,-0.87192,0.36946,-0.92857,-0.08867,-0.38916,-0.34236,-0.46552,-0.82512,-0.05419,-0.93596,0.25616,-0.20443,0.73792,-0.45950,0.85471,-0.06831,1,1,0.38670,0.00246,0.17758,0.79790,{mixture}
1,0,1,0.51515,0.45455,0.33333,0.06061,0.36364,-0.21265,0.73062,-0.45455,0.48485,-0.57576,0,-0.57576,-0.12121,-0.33333,-0.48485,-0.09091,-0.84848,0.48485,-0.57576,0.57576,-0.42424,1,-0.39394,0.72961,0.12331,0.96970,0.57576,0.24242,0.36364,0.09091,0.33333,{mixture}
1,0,-0.54180,0.14861,-0.33746,0.73375,0.52012,-0.13932,0.31889,0.64899,-0.73675,0.42048,-0.76051,0,-0.62706,-0.31079,-0.38391,-0.62157,-0.12797,-0.69287,0.49909,-0.63620,0.71481,-0.37660,0.73857,-0.05484,0.60098,0.30384,0.45521,0.60512,0.02742,0.54479,-0.21572,0.50457,{mixture}
1,0,0.32834,0.02520,0.15236,0.21278,0.14919,0.74003,-0.25706,0.92324,-0.10312,0.19380,-0.61352,0,-1,0.14516,0.54094,-0.39330,-1,-0.54467,-0.69975,1,0,0,1,0.90695,0.51613,1,1,-0.20099,0.25682,1,-0.32382,1,{mixture}
1,0,0.87032,0.46972,0.53945,0.82161,0.10380,0.95275,-0.38033,0.87916,-0.73939,0.58226,-0.92099,0.16731,-0.82417,-0.24942,-0.59383,-0.63342,-0.24012,-0.82881,0.18823,-0.78699,0.51557,-0.57430,0.69274,-0.24843,0.69097,0.10484,0.52798,0.39762,0.25974,0.56573,-0.06739,0.57552,{mixture}
1,0,0.97588,0,-1,1,1,1,-1,-1,-0.83904,0,-1,-1,-1,-0.31250,-1,-1,1,-1,1,-1,0,0,1,-1,-1,-1,0,0,1,-1,0,0,{mixture}
1,0,0.68198,-0.17314,0.82332,1,1,1,0,0,0,0,-1,-1,0,0,-1,-1,0,0,0,0,1,1,0,0,1,1,0,0,-1,1,0,0,{mixture}
0,0,1,1,-1,0.15244,0.28354,1,-1,1,-1,0.48322,0,0,1,-1,0,0,-1,-1,0,0,1,1,1,-1,1,-1,0,0,0,0,0,0,{mixture}
1,0,1,0.28105,0.22222,0.15033,-0.75693,-0.70984,-0.30719,0.71242,-1,1,-0.81699,0.33987,-0.79085,-0.02614,-0.98039,-0.83007,-0.60131,-0.54248,-0.04575,-0.83007,0.94118,-0.94118,-1,-0.43137,0.74385,0.09176,-1,0.05229,0.18301,0.02614,-0.40201,-0.48241,{mixture}
1,0,0.5,0,0.38696,0.10435,0.49130,0.06522,0.46957,-0.03913,0.35652,-1,1,0.11765,-0.96078,-0.33333,-0.64706,-0.68627,-0.23529,-0.86275,0.35294,-1,0.74510,-0.72549,0.92157,-0.21569,0.92874,0.21876,0.72549,0.56863,0.23529,0.90196,-0.11765,0.90196,{mixture}
0,0,1,1,1,0.26667,0.19036,0.23966,0.07766,0.19939,0,0,-1,-1,-1,-0.31250,-1,-1,1,-1,1,-1,0,0,1,-1,-1,-1,0,0,1,-1,0,0,{mixture}
1,0,0.92277,0.07804,0.92679,0.25191,-0.10557,0.48866,-0.18321,-0.18321,-0.41985,0.06107,-0.45420,0.09160,-1,-0.31250,-1,-1,1,-1,1,-1,0,0,1,-1,-1,-1,0,0,1,-1,0,0,{mixture}
1,0,1,-0.12727,0.58182,-0.14545,1,1,-0.99668,-1,0,0,-1,-1,-1,-0.31250,-1,-1,1,-1,1,-1,0,0,1,-1,-1,-1,0,0,1,-1,0,0,{mixture}
1,0,0.94653,0.28713,0.72554,0.67248,0.47564,0.82455,0.01267,0.89109,-0.24871,0.48322,0,0.11765,-0.96078,-0.33333,-0.64706,-0.68627,-0.23529,-0.86275,0.35294,-1,0.74510,-0.72549,0.92157,-0.21569,0.92874,0.21876,0.72549,0.56863,0.23529,0.90196,-0.11765,0.90196,{mixture}
1,0,0.94653,0.28713,0.72554,0.67248,0.47564,0.82455,0.01267,0.89109,-0.24871,1,-1,-0.48432,1,1,-1,-1,1,-1,-1,-1,1,1,1,-1,1,1,1,1,0,0,-1,-1,{mixture}
1,0,0.25316,0.35949,0.86399,0.29757,-0.10557,0.48866,-0.18321,-0.18321,-0.41985,0.06107,-1,-1,-1,-0.31250,-1,-1,1,-1,1,-1,0,0,1,-1,-1,-1,0,0,1,-1,0,0,{mixture}
1,0,0.95504,1,0,0,0,0,0,-0.02427,-1,-1,-1,-1,-1,1,0,0,-1,-1,-1,1,0,0,1,-1,1,1,1,-1,1,1,0,0,{mixture}
1,0,0.67065,0.02528,0.66626,0,-1,0.64516,-0.87097,1,0,0.02427,-1,-1,-1,-0.31250,-1,-1,1,-1,1,-1,0,0,1,-1,-1,-1,0,0,1,-1,0,0,{mixture}
